time;2021-04-07 17:01:02
temperature;10
 81594.80;0
 91134.12;1
 91133.80;2
 91134.50;3
 91135.22;4
 91135.53;5
 91134.50;6
 91136.90;7
 91135.86;8
 91134.48;9
 91133.78;10
 91133.06;11
 91133.06;12
 91133.06;13
 91132.72;14
 91133.41;15
 91135.15;16
 91134.44;17
 91134.44;18
 91135.81;19
 91137.23;20
 91135.19;21
 91135.55;22
 91135.98;23
 91135.02;24
 91134.36;25
 91133.36;26
 91136.17;27
 91137.58;28
 91135.89;29
 91136.95;30
 91134.56;31
 91135.27;32
 91134.59;33
 91133.89;34
 91135.28;35
 91134.24;36
 91134.24;37
 91132.86;38
 91134.24;39
 91134.24;40
 91135.62;41
 91136.66;42
 91136.66;43
 91136.31;44
 91135.65;45
 91133.94;46
 91134.30;47
 91135.34;48
 91135.00;49
 91133.95;50
 91135.69;51
 91136.38;52
 91136.06;53
 91136.08;54
 91135.38;55
 91136.42;56
 91137.48;57
 91135.75;58
 91137.80;59
 91137.48;60
 91136.42;61
 91135.38;62
 91135.38;63
 91134.34;64
 91136.08;65
 91136.08;66
 91137.47;67
 91137.47;68
 91137.47;69
 91134.69;70
 91136.08;71
 91136.08;72
 91134.69;73
 91136.08;74
 91133.62;75
 91135.02;76
 91135.73;77
 91136.42;78
 91134.72;79
 91136.10;80
 91134.37;81
 91135.41;82
 91135.05;83
 91136.12;84
 91137.16;85
 91137.16;86
 91136.81;87
 91138.91;88
 91137.20;89
 91137.56;90
 91136.55;91
 91136.56;92
 91135.88;93
 91135.52;94
 91136.24;95
 91137.28;96
 91136.93;97
 91136.61;98
 91134.88;99
 91134.88;100
 91134.88;101
 91134.88;102
 91135.56;103
 91136.95;104
 91137.30;105
 91135.91;106
 91139.03;107
 91139.03;108
 91138.31;109
 91138.66;110
 91136.24;111
 91135.55;112
 91136.61;113
 91136.61;114
 91134.53;115
 91134.18;116
 91135.24;117
 91135.24;118
 91135.93;119
 91135.59;120
 91135.59;121
 91135.27;122
 91136.30;123
 91135.61;124
 91135.61;125
 91136.67;126
 91135.28;127
 91137.36;128
 91138.39;129
 91135.99;130
 91137.03;131
 91136.36;132
 91136.02;133
 91136.38;134
 91135.69;135
 91136.40;136
 91137.78;137
 91139.17;138
 91138.48;139
 91137.80;140
 91138.84;141
 91136.78;142
 91138.17;143
 91137.48;144
 91138.52;145
 91136.45;146
 91136.11;147
 91135.77;148
 91138.53;149
 91138.21;150
 91136.83;151
 91137.86;152
 91137.86;153
 91137.17;154
 91137.88;155
 91137.88;156
 91137.53;157
 91136.52;158
 91136.52;159
 91135.82;160
 91134.80;161
 91135.87;162
 91137.94;163
 91137.94;164
 91138.98;165
 91138.31;166
 91136.92;167
 91136.92;168
 91136.92;169
 91137.27;170
 91136.92;171
 91136.58;172
 91136.58;173
 91136.23;174
 91136.23;175
 91135.91;176
 91137.30;177
 91137.30;178
 91136.23;179
 91137.96;180
 91137.96;181
 91139.69;182
 91137.27;183
 91136.92;184
 91137.27;185
 91135.89;186
 91136.58;187
 91134.84;188
 91134.84;189
 91136.23;190
 91136.58;191
 91139.34;192
 91137.61;193
 91139.00;194
 91138.67;195
 91139.37;196
 91140.41;197
 91138.35;198
 91140.08;199
 91140.08;200
 91139.02;201
 91139.02;202
 91138.70;203
 91138.70;204
 91136.97;205
 91136.97;206
 91138.35;207
 91138.70;208
 91139.02;209
 91140.75;210
 91139.71;211
 91141.45;212
 91140.06;213
 91140.75;214
 91140.41;215
 91141.47;216
 91140.77;217
 91139.75;218
 91138.72;219
 91138.37;220
 91139.41;221
 91138.39;222
 91139.08;223
 91137.69;224
 91137.38;225
 91137.69;226
 91135.98;227
 91137.38;228
 91135.98;229
 91135.64;230
 91136.67;231
 91138.06;232
 91137.39;233
 91137.04;234
 91137.04;235
 91138.08;236
 91137.73;237
 91138.08;238
 91138.08;239
 91139.81;240
 91139.46;241
 91139.46;242
 91140.84;243
 91137.73;244
 91137.73;245
 91137.41;246
 91140.17;247
 91140.17;248
 91140.52;249
 91138.81;250
 91140.89;251
 91140.89;252
 91139.50;253
 91140.89;254
 91140.22;255
 91142.29;256
 91141.94;257
 91141.94;258
 91141.94;259
 91142.29;260
 91143.33;261
 91142.66;262
 91143.00;263
 91142.66;264
 91141.95;265
 91141.64;266
 91144.41;267
 91143.02;268
 91141.29;269
 91140.59;270
 91140.27;271
 91139.92;272
 91141.31;273
 91143.05;274
 91141.31;275
 91140.96;276
 91142.00;277
 91142.00;278
 91139.23;279
 91142.34;280
 91141.66;281
 91141.98;282
 91142.33;283
 91142.67;284
 91141.29;285
 91139.91;286
 91141.64;287
 91139.91;288
 91139.91;289
 91140.94;290
 91141.66;291
 91141.31;292
 91141.67;293
 91139.94;294
 91140.98;295
 91140.63;296
 91143.08;297
 91142.38;298
 91141.71;299
 91143.09;300
 91145.17;301
 91146.92;302
 91144.16;303
 91145.54;304
 91145.54;305
 91142.42;306
 91144.88;307
 91144.52;308
 91143.83;309
 91143.83;310
 91142.12;311
 91143.50;312
 91146.59;313
 91144.89;314
 91143.83;315
 91143.83;316
 91142.44;317
 91144.17;318
 91143.83;319
 91144.89;320
 91145.23;321
 91144.56;322
 91147.33;323
 91146.98;324
 91146.31;325
 91146.31;326
 91146.31;327
 91144.58;328
 91143.88;329
 91144.94;330
 91144.59;331
 91146.33;332
 91146.65;333
 91145.27;334
 91143.56;335
 91143.21;336
 91145.98;337
 91145.98;338
 91145.98;339
 91144.59;340
 91144.25;341
 91143.90;342
 91144.25;343
 91145.98;344
 91144.59;345
 91144.94;346
 91144.94;347
 91145.27;348
 91143.56;349
 91144.59;350
 91145.63;351
 91148.41;352
 91146.34;353
 91146.00;354
 91146.00;355
 91147.38;356
 91146.67;357
 91146.67;358
 91146.67;359
 91147.73;360
 91147.73;361
 91146.00;362
 91147.75;363
 91147.05;364
 91146.70;365
 91146.03;366
 91144.66;367
 91145.69;368
 91147.07;369
 91146.05;370
 91147.78;371
 91147.44;372
 91146.73;373
 91146.73;374
 91146.07;375
 91144.34;376
 91145.72;377
 91145.38;378
 91147.11;379
 91147.11;380
 91147.11;381
 91147.45;382
 91147.45;383
 91144.69;384
 91144.69;385
 91147.45;386
 91146.07;387
 91146.07;388
 91145.72;389
 91146.44;390
 91145.73;391
 91146.78;392
 91146.45;393
 91146.11;394
 91147.14;395
 91148.53;396
 91146.80;397
 91144.38;398
 91145.77;399
 91146.47;400
 91145.09;401
 91145.09;402
 91146.12;403
 91146.81;404
 91146.81;405
 91146.49;406
 91148.20;407
 91149.58;408
 91149.27;409
 91147.53;410
 91147.53;411
 91146.49;412
 91147.18;413
 91147.89;414
 91146.16;415
 91146.53;416
 91148.95;417
 91149.30;418
 91147.91;419
 91147.56;420
 91146.55;421
 91145.50;422
 91146.89;423
 91146.56;424
 91145.18;425
 91146.56;426
 91147.95;427
 91144.83;428
 91144.14;429
 91145.52;430
 91146.91;431
 91146.91;432
 91145.20;433
 91145.52;434
 91145.52;435
 91144.14;436
 91146.58;437
 91147.62;438
 91147.27;439
 91147.97;440
 91145.52;441
 91145.52;442
 91145.87;443
 91147.25;444
 91145.87;445
 91145.20;446
 91146.91;447
 91145.52;448
 91145.52;449
 91144.14;450
 91143.47;451
 91143.47;452
 91144.50;453
 91146.23;454
 91146.23;455
 91146.23;456
 91145.20;457
 91146.91;458
 91146.58;459
 91148.33;460
 91146.25;461
 91146.25;462
 91147.98;463
 91146.95;464
 91146.95;465
 91146.60;466
 91147.98;467
 91147.64;468
 91150.41;469
 91150.06;470
 91148.35;471
 91148.35;472
 91148.00;473
 91148.00;474
 91148.00;475
 91149.73;476
 91148.35;477
 91150.41;478
 91150.41;479
 91150.41;480
 91149.02;481
 91149.02;482
 91147.64;483
 91147.98;484
 91148.33;485
 91149.37;486
 91149.37;487
 91149.37;488
 91150.75;489
 91147.98;490
 91147.98;491
 91146.60;492
 91148.33;493
 91150.04;494
 91149.00;495
 91149.00;496
 91149.72;497
 91149.37;498
 91150.41;499
 91150.06;500
 91151.44;501
 91149.73;502
 91150.08;503
 91151.14;504
 91149.41;505
 91150.44;506
 91151.83;507
 91150.09;508
 91148.39;509
 91149.42;510
 91148.73;511
 91147.69;512
 91150.45;513
 91149.79;514
 91150.11;515
 91151.17;516
 91148.41;517
 91149.79;518
 91148.06;519
 91148.41;520
 91148.06;521
 91150.48;522
 91149.44;523
 91149.79;524
 91148.06;525
 91146.67;526
 91147.02;527
 91145.64;528
 91149.79;529
 91149.08;530
 91149.08;531
 91149.08;532
 91150.45;533
 91148.04;534
 91149.77;535
 91149.77;536
 91149.77;537
 91151.16;538
 91150.81;539
 91152.56;540
 91151.17;541
 91151.17;542
 91152.20;543
 91153.59;544
 91150.83;545
 91150.83;546
 91147.70;547
 91147.36;548
 91149.09;549
 91150.83;550
 91150.83;551
 91152.20;552
 91152.20;553
 91150.83;554
 91148.73;555
 91148.73;556
 91150.45;557
 91150.45;558
 91151.84;559
 91150.45;560
 91151.16;561
 91149.77;562
 91149.42;563
 91148.39;564
 91147.33;565
 91147.67;566
 91147.00;567
 91149.77;568
 91150.81;569
 91149.08;570
 91148.04;571
 91149.08;572
 91148.73;573
 91149.09;574
 91150.12;575
 91148.74;576
 91150.48;577
 91148.42;578
 91148.42;579
 91148.74;580
 91151.86;581
 91150.12;582
 91148.42;583
 91149.45;584
 91149.45;585
 91149.11;586
 91149.83;587
 91148.09;588
 91149.12;589
 91150.52;590
 91149.12;591
 91150.52;592
 91150.52;593
 91150.16;594
 91148.78;595
 91148.45;596
 91151.23;597
 91151.23;598
 91151.23;599
 91150.16;600
 91148.45;601
 91150.16;602
 91151.23;603
 91151.89;604
 91149.48;605
 91149.83;606
 91150.15;607
 91150.49;608
 91149.83;609
 91148.44;610
 91148.44;611
 91149.48;612
 91149.83;613
 91151.20;614
 91149.48;615
 91149.48;616
 91148.44;617
 91150.15;618
 91149.83;619
 91149.83;620
 91148.44;621
 91149.83;622
 91151.20;623
 91149.48;624
 91149.48;625
 91151.89;626
 91151.55;627
 91149.84;628
 91149.84;629
 91150.16;630
 91151.55;631
 91152.94;632
 91152.61;633
 91152.27;634
 91150.88;635
 91150.88;636
 91153.30;637
 91151.56;638
 91151.56;639
 91149.15;640
 91148.80;641
 91148.80;642
 91150.53;643
 91150.53;644
 91151.56;645
 91149.86;646
 91151.24;647
 91151.24;648
 91151.24;649
 91152.95;650
 91151.91;651
 91150.88;652
 91150.88;653
 91152.61;654
 91153.99;655
 91155.38;656
 91155.03;657
 91153.64;658
 91152.27;659
 91153.30;660
 91151.56;661
 91151.56;662
 91151.24;663
 91151.24;664
 91152.95;665
 91152.28;666
 91152.28;667
 91152.28;668
 91153.31;669
 91151.58;670
 91152.30;671
 91153.69;672
 91153.69;673
 91152.30;674
 91154.03;675
 91152.64;676
 91152.64;677
 91154.03;678
 91154.03;679
 91153.69;680
 91152.30;681
 91153.33;682
 91151.95;683
 91153.69;684
 91152.30;685
 91151.95;686
 91151.95;687
 91153.33;688
 91154.03;689
 91153.69;690
 91153.69;691
 91152.30;692
 91152.98;693
 91154.05;694
 91154.05;695
 91152.98;696
 91153.69;697
 91153.33;698
 91153.69;699
 91152.30;700
 91152.30;701
 91154.72;702
 91154.05;703
 91153.70;704
 91153.70;705
 91153.70;706
 91151.97;707
 91152.31;708
 91153.70;709
 91151.62;710
 91153.00;711
 91153.00;712
 91153.00;713
 91153.00;714
 91155.08;715
 91155.08;716
 91155.08;717
 91153.34;718
 91153.34;719
 91154.38;720
 91152.68;721
 91154.06;722
 91151.98;723
 91151.98;724
 91151.63;725
 91151.63;726
 91151.63;727
 91153.02;728
 91152.34;729
 91153.38;730
 91153.38;731
 91153.38;732
 91152.72;733
 91155.13;734
 91155.13;735
 91154.09;736
 91154.77;737
 91155.12;738
 91155.12;739
 91154.08;740
 91152.70;741
 91152.70;742
 91151.31;743
 91150.97;744
 91150.62;745
 91152.34;746
 91153.73;747
 91152.34;748
 91152.00;749
 91152.00;750
 91152.00;751
 91152.00;752
 91151.66;753
 91152.72;754
 91151.66;755
 91152.72;756
 91153.75;757
 91153.05;758
 91152.73;759
 91155.50;760
 91155.15;761
 91154.80;762
 91153.42;763
 91152.75;764
 91152.75;765
 91152.75;766
 91151.36;767
 91153.07;768
 91152.41;769
 91152.75;770
 91154.45;771
 91153.07;772
 91153.07;773
 91154.13;774
 91153.78;775
 91153.78;776
 91153.78;777
 91154.82;778
 91154.82;779
 91154.47;780
 91154.47;781
 91154.47;782
 91154.47;783
 91153.80;784
 91154.48;785
 91154.48;786
 91153.45;787
 91152.42;788
 91151.38;789
 91151.03;790
 91151.03;791
 91151.38;792
 91152.77;793
 91152.77;794
 91151.70;795
 91153.09;796
 91152.05;797
 91152.05;798
 91151.70;799
 91151.38;800
 91152.77;801
 91153.09;802
 91152.77;803
 91151.38;804
 91152.77;805
 91153.09;806
 91154.15;807
 91152.77;808
 91153.09;809
 91153.09;810
 91153.78;811
 91151.69;812
 91152.04;813
 91153.77;814
 91154.12;815
 91154.44;816
 91154.12;817
 91153.77;818
 91153.42;819
 91152.04;820
 91152.38;821
 91153.77;822
 91154.44;823
 91154.44;824
 91152.73;825
 91152.73;826
 91153.05;827
 91153.77;828
 91154.45;829
 91154.45;830
 91153.78;831
 91152.41;832
 91153.44;833
 91150.32;834
 91151.70;835
 91153.44;836
 91152.05;837
 91152.05;838
 91154.82;839
 91153.78;840
 91152.75;841
 91154.45;842
 91153.42;843
 91153.07;844
 91153.42;845
 91154.45;846
 91154.45;847
 91154.13;848
 91152.75;849
 91152.75;850
 91155.17;851
 91155.17;852
 91156.20;853
 91155.53;854
 91154.47;855
 91155.53;856
 91155.19;857
 91158.30;858
 91156.92;859
 91156.20;860
 91155.17;861
 91153.44;862
 91154.82;863
 91153.78;864
 91155.52;865
 91155.52;866
 91155.17;867
 91155.17;868
 91155.84;869
 91156.90;870
 91156.55;871
 91154.82;872
 91153.44;873
 91153.44;874
 91153.44;875
 91154.47;876
 91154.82;877
 91155.17;878
 91153.78;879
 91154.45;880
 91155.52;881
 91156.55;882
 91154.82;883
 91155.86;884
 91155.53;885
 91156.92;886
 91158.62;887
 91155.53;888
 91156.92;889
 91156.57;890
 91156.57;891
 91154.84;892
 91154.84;893
 91154.48;894
 91155.55;895
 91155.20;896
 91155.20;897
 91156.59;898
 91156.23;899
 91157.62;900
 91157.97;901
 91159.70;902
 91158.32;903
 91156.94;904
 91156.94;905
 91158.32;906
 91156.94;907
 91157.61;908
 91156.22;909
 91156.57;910
 91156.57;911
 91154.84;912
 91156.22;913
 91155.88;914
 91156.94;915
 91156.94;916
 91156.94;917
 91157.26;918
 91157.61;919
 91156.22;920
 91157.95;921
 91158.30;922
 91157.59;923
 91159.32;924
 91157.94;925
 91156.55;926
 91155.52;927
 91155.52;928
 91157.22;929
 91157.59;930
 91155.86;931
 91156.92;932
 91156.92;933
 91157.95;934
 91157.61;935
 91158.64;936
 91156.94;937
 91158.32;938
 91159.70;939
 91160.73;940
 91160.73;941
 91158.69;942
 91158.69;943
 91158.69;944
 91160.07;945
 91159.72;946
 91158.34;947
 91159.00;948
 91158.32;949
 91158.64;950
 91158.64;951
 91158.98;952
 91156.57;953
 91156.92;954
 91158.30;955
 91156.92;956
 91157.23;957
 91157.23;958
 91156.92;959
 91156.57;960
 91156.57;961
 91156.57;962
 91159.69;963
 91158.62;964
 91156.55;965
 91155.17;966
 91156.90;967
 91156.55;968
 91156.55;969
 91158.97;970
 91157.59;971
 91157.23;972
 91158.30;973
 91158.30;974
 91157.61;975
 91159.34;976
 91158.98;977
 91160.02;978
 91160.72;979
 91159.34;980
 91160.72;981
 91158.98;982
 91160.72;983
 91159.34;984
 91160.72;985
 91159.69;986
 91159.69;987
 91161.07;988
 91159.34;989
 91159.69;990
 91157.95;991
 91157.95;992
 91159.34;993
 91158.98;994
 91157.95;995
 91159.34;996
 91159.34;997
 91159.34;998
 91159.34;999
 91157.95;1000
 91160.01;1001
 91159.69;1002
 91159.69;1003
 91159.69;1004
 91158.30;1005
 91158.62;1006
 91158.62;1007
 91156.92;1008
 91158.30;1009
 91158.62;1010
 91157.59;1011
 91157.94;1012
 91158.28;1013
 91158.61;1014
 91158.61;1015
 91160.34;1016
 91158.95;1017
 91160.69;1018
 91160.69;1019
 91158.95;1020
 91160.69;1021
 91159.65;1022
 91158.59;1023
 91160.32;1024
 91160.67;1025
 91160.67;1026
 91160.32;1027
 91160.32;1028
 91161.70;1029
 91160.67;1030
 91159.63;1031
 91159.28;1032
 91158.58;1033
 91158.58;1034
 91158.92;1035
 91159.27;1036
 91159.62;1037
 91157.88;1038
 91157.88;1039
 91157.88;1040
 91157.19;1041
 91158.25;1042
 91158.25;1043
 91157.55;1044
 91160.32;1045
 91163.09;1046
 91160.67;1047
 91160.32;1048
 91158.94;1049
 91158.59;1050
 91158.27;1051
 91159.30;1052
 91159.97;1053
 91158.59;1054
 91157.55;1055
 91160.67;1056
 91158.94;1057
 91158.94;1058
 91161.70;1059
 91161.36;1060
 91161.03;1061
 91161.36;1062
 91161.36;1063
 91158.94;1064
 91158.94;1065
 91159.97;1066
 91157.92;1067
 91157.92;1068
 91159.30;1069
 91160.69;1070
 91159.65;1071
 91159.65;1072
 91159.65;1073
 91160.69;1074
 91160.69;1075
 91158.95;1076
 91159.30;1077
 91158.27;1078
 91156.88;1079
 91157.57;1080
 91157.92;1081
 91157.92;1082
 91159.65;1083
 91159.30;1084
 91159.30;1085
 91160.34;1086
 91158.95;1087
 91159.30;1088
 91159.30;1089
 91161.03;1090
 91159.65;1091
 91159.30;1092
 91159.65;1093
 91161.03;1094
 91159.97;1095
 91161.03;1096
 91161.03;1097
 91160.69;1098
 91160.69;1099
 91161.72;1100
 91159.98;1101
 91162.09;1102
 91160.36;1103
 91158.97;1104
 91160.36;1105
 91160.36;1106
 91160.36;1107
 91161.73;1108
 91160.36;1109
 91158.97;1110
 91161.73;1111
 91160.70;1112
 91160.70;1113
 91160.36;1114
 91160.70;1115
 91161.05;1116
 91159.67;1117
 91159.98;1118
 91160.34;1119
 91160.34;1120
 91158.95;1121
 91158.95;1122
 91160.34;1123
 91160.69;1124
 91156.53;1125
 91156.88;1126
 91158.59;1127
 91158.59;1128
 91159.97;1129
 91159.65;1130
 91160.69;1131
 91158.95;1132
 91159.98;1133
 91159.98;1134
 91160.34;1135
 91160.34;1136
 91159.30;1137
 91158.59;1138
 91159.28;1139
 91159.28;1140
 91158.94;1141
 91159.97;1142
 91159.65;1143
 91161.36;1144
 91159.97;1145
 91158.94;1146
 91160.32;1147
 91160.67;1148
 91160.67;1149
 91162.05;1150
 91162.05;1151
 91163.09;1152
 91163.09;1153
 91163.80;1154
 91163.80;1155
 91160.69;1156
 91162.07;1157
 91160.69;1158
 91163.11;1159
 91161.72;1160
 91163.11;1161
 91164.14;1162
 91162.76;1163
 91164.48;1164
 91162.76;1165
 91162.44;1166
 91162.76;1167
 91163.11;1168
 91162.42;1169
 91161.03;1170
 91162.42;1171
 91162.42;1172
 91163.45;1173
 91162.07;1174
 91162.07;1175
 91161.03;1176
 91162.42;1177
 91165.86;1178
 91165.51;1179
 91164.12;1180
 91164.47;1181
 91163.09;1182
 91163.44;1183
 91161.70;1184
 91161.70;1185
 91161.70;1186
 91161.70;1187
 91160.32;1188
 91162.05;1189
 91162.40;1190
 91161.02;1191
 91162.05;1192
 91163.44;1193
 91165.17;1194
 91165.49;1195
 91164.11;1196
 91164.45;1197
 91164.11;1198
 91162.72;1199
 91162.40;1200
 91161.02;1201
 91162.05;1202
 91163.78;1203
 91162.72;1204
 91164.11;1205
 91165.84;1206
 91165.84;1207
 91165.84;1208
 91164.45;1209
 91163.08;1210
 91162.72;1211
 91162.05;1212
 91164.47;1213
 91164.47;1214
 91163.09;1215
 91163.09;1216
 91163.09;1217
 91163.09;1218
 91163.09;1219
 91162.73;1220
 91163.80;1221
 91163.80;1222
 91163.80;1223
 91161.36;1224
 91164.12;1225
 91162.42;1226
 91164.12;1227
 91162.42;1228
 91163.11;1229
 91163.80;1230
 91162.42;1231
 91163.09;1232
 91162.73;1233
 91161.70;1234
 91163.09;1235
 91163.44;1236
 91163.44;1237
 91163.09;1238
 91164.47;1239
 91165.51;1240
 91165.19;1241
 91165.19;1242
 91163.80;1243
 91164.12;1244
 91164.12;1245
 91164.12;1246
 91164.12;1247
 91163.80;1248
 91163.45;1249
 91161.72;1250
 91161.38;1251
 91159.98;1252
 91161.38;1253
 91161.72;1254
 91163.11;1255
 91163.11;1256
 91164.14;1257
 91164.14;1258
 91165.20;1259
 91166.91;1260
 91165.88;1261
 91164.84;1262
 91163.45;1263
 91166.22;1264
 91167.26;1265
 91167.61;1266
 91165.88;1267
 91166.91;1268
 91166.91;1269
 91168.29;1270
 91166.59;1271
 91165.89;1272
 91165.54;1273
 91165.54;1274
 91165.54;1275
 91165.54;1276
 91164.51;1277
 91166.59;1278
 91165.20;1279
 91164.14;1280
 91165.20;1281
 91163.82;1282
 91162.44;1283
 91164.14;1284
 91163.11;1285
 91163.45;1286
 91162.07;1287
 91164.84;1288
 91164.48;1289
 91164.14;1290
 91164.14;1291
 91163.82;1292
 91165.20;1293
 91167.62;1294
 91164.86;1295
 91164.86;1296
 91166.23;1297
 91166.59;1298
 91165.52;1299
 91165.52;1300
 91164.48;1301
 91165.19;1302
 91166.20;1303
 91166.20;1304
 91165.49;1305
 91165.49;1306
 91167.22;1307
 91164.45;1308
 91165.49;1309
 91166.88;1310
 91166.88;1311
 91166.20;1312
 91166.55;1313
 91167.59;1314
 91168.27;1315
 91167.23;1316
 91165.86;1317
 91165.51;1318
 91165.51;1319
 91164.84;1320
 91166.56;1321
 91167.95;1322
 91167.61;1323
 91165.88;1324
 91167.97;1325
 91166.59;1326
 91166.23;1327
 91166.91;1328
 91166.59;1329
 91166.91;1330
 91165.88;1331
 91166.56;1332
 91165.19;1333
 91165.19;1334
 91163.45;1335
 91164.84;1336
 91164.14;1337
 91164.14;1338
 91163.82;1339
 91165.52;1340
 91165.52;1341
 91165.52;1342
 91165.20;1343
 91166.23;1344
 91164.86;1345
 91163.47;1346
 91163.82;1347
 91164.14;1348
 91163.11;1349
 91164.84;1350
 91165.19;1351
 91165.51;1352
 91164.12;1353
 91164.12;1354
 91164.12;1355
 91165.86;1356
 91165.86;1357
 91167.23;1358
 91165.19;1359
 91163.45;1360
 91166.22;1361
 91165.51;1362
 91163.09;1363
 91164.81;1364
 91165.84;1365
 91165.84;1366
 91164.45;1367
 91166.19;1368
 91165.16;1369
 91165.82;1370
 91165.82;1371
 91167.20;1372
 91169.97;1373
 91167.20;1374
 91165.82;1375
 91166.17;1376
 91167.91;1377
 91167.55;1378
 91166.17;1379
 91165.13;1380
 91166.17;1381
 91168.22;1382
 91167.91;1383
 91167.20;1384
 91165.47;1385
 91165.84;1386
 91164.80;1387
 91166.53;1388
 91166.86;1389
 91166.53;1390
 91167.57;1391
 91166.88;1392
 91167.59;1393
 91167.23;1394
 91168.27;1395
 91167.95;1396
 91168.27;1397
 91169.34;1398
 91167.95;1399
 91166.56;1400
 91166.56;1401
 91168.27;1402
 91168.27;1403
 91167.95;1404
 91167.95;1405
 91167.95;1406
 91167.61;1407
 91168.98;1408
 91167.26;1409
 91166.91;1410
 91166.91;1411
 91166.91;1412
 91167.97;1413
 91167.97;1414
 91166.59;1415
 91167.97;1416
 91167.97;1417
 91167.62;1418
 91169.01;1419
 91167.62;1420
 91167.62;1421
 91167.62;1422
 91168.66;1423
 91169.01;1424
 91169.01;1425
 91168.31;1426
 91166.61;1427
 91167.64;1428
 91169.38;1429
 91166.61;1430
 91165.22;1431
 91166.92;1432
 91168.66;1433
 91168.66;1434
 91167.97;1435
 91168.29;1436
 91167.97;1437
 91167.97;1438
 91168.29;1439
 91170.73;1440
 91169.01;1441
 91168.31;1442
 91169.38;1443
 91169.02;1444
 91169.02;1445
 91168.31;1446
 91166.92;1447
 91166.92;1448
 91166.23;1449
 91167.27;1450
 91167.27;1451
 91169.01;1452
 91169.01;1453
 91169.36;1454
 91169.36;1455
 91169.67;1456
 91167.97;1457
 91169.36;1458
 91169.36;1459
 91167.62;1460
 91169.36;1461
 91170.73;1462
 91172.44;1463
 91170.73;1464
 91170.73;1465
 91170.04;1466
 91170.04;1467
 91171.08;1468
 91171.08;1469
 91171.08;1470
 91170.04;1471
 91170.04;1472
 91170.04;1473
 91170.75;1474
 91169.38;1475
 91169.38;1476
 91169.38;1477
 91169.38;1478
 91169.69;1479
 91171.42;1480
 91171.77;1481
 91173.16;1482
 91171.42;1483
 91171.42;1484
 91170.75;1485
 91172.14;1486
 91172.14;1487
 91169.38;1488
 91170.06;1489
 91168.33;1490
 91169.39;1491
 91170.42;1492
 91170.77;1493
 91172.47;1494
 91172.47;1495
 91171.80;1496
 91170.77;1497
 91169.39;1498
 91169.70;1499
 91170.41;1500
 91168.67;1501
 91169.02;1502
 91170.06;1503
 91169.38;1504
 91168.31;1505
 91169.69;1506
 91169.69;1507
 91171.08;1508
 91170.04;1509
 91171.08;1510
 91171.08;1511
 91171.08;1512
 91171.42;1513
 91171.77;1514
 91170.39;1515
 91172.12;1516
 91170.39;1517
 91170.39;1518
 91169.69;1519
 91171.08;1520
 91171.79;1521
 91171.09;1522
 91171.09;1523
 91169.70;1524
 91169.70;1525
 91169.70;1526
 91170.41;1527
 91171.08;1528
 91171.42;1529
 91171.42;1530
 91171.08;1531
 91171.08;1532
 91170.04;1533
 91170.04;1534
 91169.69;1535
 91170.04;1536
 91171.42;1537
 91170.75;1538
 91169.69;1539
 91171.42;1540
 91171.08;1541
 91169.69;1542
 91171.42;1543
 91172.81;1544
 91171.42;1545
 91169.69;1546
 91171.08;1547
 91171.42;1548
 91172.45;1549
 91171.08;1550
 91170.75;1551
 91170.75;1552
 91171.08;1553
 91171.08;1554
 91169.69;1555
 91171.08;1556
 91172.14;1557
 91172.14;1558
 91173.52;1559
 91173.52;1560
 91173.52;1561
 91174.91;1562
 91173.84;1563
 91173.84;1564
 91172.14;1565
 91171.79;1566
 91173.17;1567
 91173.17;1568
 91173.17;1569
 91173.17;1570
 91172.14;1571
 91172.83;1572
 91174.20;1573
 91174.20;1574
 91173.17;1575
 91173.17;1576
 91173.52;1577
 91173.17;1578
 91171.79;1579
 91173.52;1580
 91172.14;1581
 91172.45;1582
 91172.45;1583
 91172.45;1584
 91173.52;1585
 91173.52;1586
 91173.52;1587
 91173.52;1588
 91173.52;1589
 91173.52;1590
 91172.83;1591
 91172.83;1592
 91171.79;1593
 91172.45;1594
 91171.79;1595
 91171.79;1596
 91171.44;1597
 91172.47;1598
 91171.80;1599
 91171.45;1600
 91172.52;1601
 91172.17;1602
 91171.83;1603
 91172.17;1604
 91172.86;1605
 91174.95;1606
 91174.61;1607
 91175.64;1608
 91172.20;1609
 91170.82;1610
 91171.17;1611
 91171.49;1612
 91170.80;1613
 91170.80;1614
 91172.19;1615
 91171.48;1616
 91171.83;1617
 91174.24;1618
 91174.24;1619
 91174.59;1620
 91173.55;1621
 91174.22;1622
 91172.84;1623
 91171.80;1624
 91173.54;1625
 91173.54;1626
 91173.19;1627
 91174.92;1628
 91174.20;1629
 91175.59;1630
 91172.83;1631
 91173.86;1632
 91173.86;1633
 91172.83;1634
 91172.83;1635
 91174.55;1636
 91173.17;1637
 91174.20;1638
 91175.59;1639
 91174.20;1640
 91175.25;1641
 91176.30;1642
 91174.92;1643
 91173.54;1644
 91173.54;1645
 91173.54;1646
 91176.62;1647
 91174.92;1648
 91176.30;1649
 91174.92;1650
 91175.25;1651
 91176.30;1652
 91176.30;1653
 91174.58;1654
 91173.54;1655
 91175.25;1656
 91175.25;1657
 91174.20;1658
 91174.20;1659
 91174.55;1660
 91174.55;1661
 91174.55;1662
 91173.86;1663
 91173.54;1664
 91174.22;1665
 91173.91;1666
 91173.91;1667
 91173.91;1668
 91174.58;1669
 91174.20;1670
 91174.20;1671
 91172.83;1672
 91173.17;1673
 91174.55;1674
 91176.29;1675
 91174.91;1676
 91176.29;1677
 91174.91;1678
 91176.29;1679
 91176.29;1680
 91177.67;1681
 91177.33;1682
 91174.55;1683
 91175.94;1684
 91176.62;1685
 91176.30;1686
 91177.34;1687
 91176.67;1688
 91175.29;1689
 91176.32;1690
 91177.36;1691
 91177.02;1692
 91177.02;1693
 91178.07;1694
 91178.39;1695
 91175.62;1696
 91177.36;1697
 91175.62;1698
 91175.62;1699
 91177.02;1700
 91177.36;1701
 91177.70;1702
 91177.70;1703
 91179.09;1704
 91179.78;1705
 91180.12;1706
 91178.39;1707
 91179.45;1708
 91178.39;1709
 91180.82;1710
 91179.09;1711
 91179.09;1712
 91178.73;1713
 91180.12;1714
 91179.78;1715
 91178.39;1716
 91178.07;1717
 91179.45;1718
 91179.11;1719
 91178.07;1720
 91179.11;1721
 91180.14;1722
 91178.41;1723
 91178.41;1724
 91178.41;1725
 91178.41;1726
 91178.77;1727
 91178.77;1728
 91179.11;1729
 91179.11;1730
 91177.03;1731
 91177.03;1732
 91178.09;1733
 91178.09;1734
 91178.09;1735
 91178.09;1736
 91179.47;1737
 91180.86;1738
 91179.12;1739
 91179.80;1740
 91179.11;1741
 91179.45;1742
 91181.16;1743
 91181.51;1744
 91179.09;1745
 91180.47;1746
 91180.47;1747
 91181.86;1748
 91180.47;1749
 91181.86;1750
 91180.12;1751
 91180.12;1752
 91179.09;1753
 91179.09;1754
 91181.14;1755
 91180.11;1756
 91180.11;1757
 91180.11;1758
 91179.77;1759
 91180.82;1760
 91181.86;1761
 91180.12;1762
 91181.51;1763
 91181.16;1764
 91181.51;1765
 91180.47;1766
 91180.12;1767
 91179.78;1768
 91181.16;1769
 91180.84;1770
 91180.48;1771
 91180.84;1772
 91182.55;1773
 91181.86;1774
 91182.53;1775
 91179.77;1776
 91180.45;1777
 91181.12;1778
 91181.12;1779
 91180.09;1780
 91180.76;1781
 91181.11;1782
 91181.45;1783
 91181.09;1784
 91182.48;1785
 91181.44;1786
 91181.79;1787
 91180.73;1788
 91180.05;1789
 91180.39;1790
 91180.71;1791
 91180.02;1792
 91182.80;1793
 91182.44;1794
 91183.83;1795
 91182.80;1796
 91180.38;1797
 91181.75;1798
 91181.75;1799
 91181.75;1800
 91181.41;1801
 91181.41;1802
 91181.77;1803
 91183.16;1804
 91184.55;1805
 91182.81;1806
 91182.46;1807
 91182.46;1808
 91183.84;1809
 91182.11;1810
 91184.56;1811
 91184.20;1812
 91183.86;1813
 91185.24;1814
 91183.52;1815
 91184.89;1816
 91186.28;1817
 91187.34;1818
 91184.89;1819
 91184.23;1820
 91183.88;1821
 91185.26;1822
 91183.88;1823
 91185.61;1824
 91185.61;1825
 91183.53;1826
 91183.53;1827
 91183.20;1828
 91181.83;1829
 91183.89;1830
 91183.55;1831
 91183.55;1832
 91183.22;1833
 91183.22;1834
 91183.55;1835
 91184.93;1836
 91184.24;1837
 91185.26;1838
 91182.84;1839
 91184.89;1840
 91183.86;1841
 91182.48;1842
 91182.83;1843
 91184.56;1844
 91183.17;1845
 91183.49;1846
 91183.84;1847
 91183.49;1848
 91181.79;1849
 91182.11;1850
 91181.79;1851
 91183.49;1852
 91183.17;1853
 91184.56;1854
 91184.20;1855
 91182.83;1856
 91183.49;1857
 91185.23;1858
 91183.84;1859
 91183.84;1860
 91183.84;1861
 91182.81;1862
 91182.46;1863
 91183.84;1864
 91185.23;1865
 91185.94;1866
 91185.59;1867
 91183.19;1868
 91184.23;1869
 91182.49;1870
 91183.53;1871
 91182.86;1872
 91182.86;1873
 91183.55;1874
 91183.55;1875
 91181.84;1876
 91181.49;1877
 91182.88;1878
 91184.61;1879
 91183.91;1880
 91182.53;1881
 91183.59;1882
 91184.97;1883
 91184.97;1884
 91185.30;1885
 91185.99;1886
 91184.93;1887
 91182.86;1888
 91184.24;1889
 91184.91;1890
 91183.53;1891
 91183.88;1892
 91183.88;1893
 91183.88;1894
 91184.23;1895
 91183.19;1896
 91183.52;1897
 91184.58;1898
 91184.58;1899
 91184.58;1900
 91184.58;1901
 91184.23;1902
 91184.91;1903
 91188.03;1904
 91186.64;1905
 91187.36;1906
 91184.24;1907
 91184.24;1908
 91184.24;1909
 91184.59;1910
 91183.20;1911
 91184.59;1912
 91184.59;1913
 91184.59;1914
 91185.62;1915
 91185.97;1916
 91185.97;1917
 91185.97;1918
 91187.68;1919
 91188.03;1920
 91186.64;1921
 91185.26;1922
 91183.88;1923
 91186.64;1924
 91186.99;1925
 91186.99;1926
 91186.28;1927
 91183.52;1928
 91184.89;1929
 91184.23;1930
 91185.26;1931
 91183.53;1932
 91184.91;1933
 91185.26;1934
 91184.91;1935
 91185.97;1936
 91184.93;1937
 91185.99;1938
 91184.26;1939
 91187.38;1940
 91187.02;1941
 91185.64;1942
 91185.64;1943
 91185.99;1944
 91186.31;1945
 91186.31;1946
 91185.62;1947
 91185.28;1948
 91187.01;1949
 91185.62;1950
 91184.91;1951
 91185.26;1952
 91185.95;1953
 91186.28;1954
 91188.02;1955
 91186.62;1956
 91187.33;1957
 91185.94;1958
 91185.94;1959
 91184.56;1960
 91185.23;1961
 91183.17;1962
 91182.83;1963
 91184.20;1964
 91184.20;1965
 91187.33;1966
 91187.64;1967
 91187.33;1968
 91187.33;1969
 91186.98;1970
 91186.28;1971
 91186.62;1972
 91186.28;1973
 91186.28;1974
 91186.28;1975
 91186.62;1976
 91188.02;1977
 91186.62;1978
 91186.62;1979
 91186.62;1980
 91186.98;1981
 91186.98;1982
 91185.94;1983
 91185.94;1984
 91187.33;1985
 91187.33;1986
 91185.59;1987
 91185.24;1988
 91186.62;1989
 91186.62;1990
 91186.98;1991
 91185.94;1992
 91188.70;1993
 91188.36;1994
 91188.02;1995
 91187.34;1996
 91186.99;1997
 91188.03;1998
 91186.64;1999
 91186.99;2000
 91188.38;2001
 91186.64;2002
 91185.62;2003
 91186.66;2004
 91187.01;2005
 91185.62;2006
 91187.01;2007
 91185.28;2008
 91185.28;2009
 91185.62;2010
 91187.01;2011
 91188.39;2012
 91186.66;2013
 91187.70;2014
 91189.08;2015
 91186.31;2016
 91186.31;2017
 91188.39;2018
 91187.01;2019
 91187.36;2020
 91185.97;2021
 91187.01;2022
 91187.01;2023
 91188.74;2024
 91187.36;2025
 91185.97;2026
 91185.62;2027
 91187.36;2028
 91189.06;2029
 91185.97;2030
 91187.36;2031
 91186.30;2032
 91187.36;2033
 91185.97;2034
 91187.36;2035
 91187.68;2036
 91190.12;2037
 91189.78;2038
 91188.39;2039
 91188.05;2040
 91186.31;2041
 91186.66;2042
 91188.05;2043
 91188.74;2044
 91188.39;2045
 91188.39;2046
 91188.05;2047
 91190.81;2048
 91190.47;2049
 91190.47;2050
 91190.14;2051
 91190.83;2052
 91190.83;2053
 91192.22;2054
 91190.83;2055
 91188.77;2056
 91187.39;2057
 91187.39;2058
 91187.73;2059
 91189.12;2060
 91188.43;2061
 91188.77;2062
 91188.77;2063
 91189.12;2064
 91188.06;2065
 91186.36;2066
 91187.73;2067
 91188.06;2068
 91188.41;2069
 91189.80;2070
 91188.41;2071
 91188.06;2072
 91189.45;2073
 91190.83;2074
 91190.51;2075
 91189.12;2076
 91191.89;2077
 91190.51;2078
 91190.51;2079
 91190.16;2080
 91190.84;2081
 91190.52;2082
 91190.17;2083
 91189.83;2084
 91189.48;2085
 91191.21;2086
 91190.52;2087
 91190.84;2088
 91189.81;2089
 91189.45;2090
 91190.14;2091
 91190.47;2092
 91191.16;2093
 91189.78;2094
 91189.78;2095
 91188.39;2096
 91189.78;2097
 91190.12;2098
 91189.78;2099
 91191.51;2100
 91190.47;2101
 91187.38;2102
 91188.76;2103
 91189.80;2104
 91189.45;2105
 91191.17;2106
 91191.52;2107
 91190.47;2108
 91189.43;2109
 91188.39;2110
 91189.06;2111
 91190.45;2112
 91193.56;2113
 91191.49;2114
 91191.81;2115
 91191.48;2116
 91189.74;2117
 91190.09;2118
 91191.48;2119
 91190.41;2120
 91190.77;2121
 91190.77;2122
 91189.73;2123
 91189.73;2124
 91191.78;2125
 91190.39;2126
 91192.12;2127
 91192.48;2128
 91190.06;2129
 91190.38;2130
 91191.77;2131
 91191.77;2132
 91192.48;2133
 91190.75;2134
 91192.12;2135
 91192.84;2136
 91193.16;2137
 91191.78;2138
 91193.16;2139
 91193.16;2140
 91192.84;2141
 91191.46;2142
 91191.78;2143
 91191.46;2144
 91191.11;2145
 91192.49;2146
 91192.49;2147
 91192.84;2148
 91193.88;2149
 91193.88;2150
 91190.77;2151
 91192.14;2152
 91193.53;2153
 91193.18;2154
 91191.80;2155
 91190.77;2156
 91192.14;2157
 91190.77;2158
 91190.41;2159
 91191.48;2160
 91191.80;2161
 91192.14;2162
 91191.46;2163
 91191.46;2164
 91192.84;2165
 91193.53;2166
 91194.91;2167
 91193.53;2168
 91191.80;2169
 91192.86;2170
 91192.52;2171
 91193.89;2172
 91194.93;2173
 91194.58;2174
 91194.26;2175
 91192.88;2176
 91193.91;2177
 91195.30;2178
 91194.59;2179
 91194.59;2180
 91193.92;2181
 91194.97;2182
 91194.97;2183
 91194.61;2184
 91194.97;2185
 91194.97;2186
 91194.97;2187
 91196.34;2188
 91193.58;2189
 91193.92;2190
 91195.31;2191
 91195.66;2192
 91193.92;2193
 91194.97;2194
 91196.00;2195
 91196.34;2196
 91195.31;2197
 91197.05;2198
 91195.98;2199
 91196.33;2200
 91192.53;2201
 91194.26;2202
 91192.88;2203
 91192.88;2204
 91193.56;2205
 91194.95;2206
 91194.95;2207
 91195.30;2208
 91193.91;2209
 91194.26;2210
 91195.97;2211
 91195.97;2212
 91196.31;2213
 91197.35;2214
 91197.35;2215
 91197.03;2216
 91196.33;2217
 91194.95;2218
 91194.59;2219
 91195.98;2220
 91197.37;2221
 91195.66;2222
 91195.66;2223
 91198.08;2224
 91197.38;2225
 91196.00;2226
 91194.61;2227
 91195.31;2228
 91193.92;2229
 91193.92;2230
 91193.92;2231
 91194.97;2232
 91195.31;2233
 91196.69;2234
 91195.31;2235
 91195.98;2236
 91194.95;2237
 91196.67;2238
 91197.03;2239
 91196.66;2240
 91194.93;2241
 91194.58;2242
 91194.58;2243
 91195.64;2244
 91194.58;2245
 91194.26;2246
 91195.64;2247
 91195.30;2248
 91195.30;2249
 91192.17;2250
 91193.91;2251
 91194.26;2252
 91193.91;2253
 91195.64;2254
 91195.97;2255
 91194.93;2256
 91195.97;2257
 91197.03;2258
 91195.30;2259
 91195.30;2260
 91197.03;2261
 91195.64;2262
 91195.97;2263
 91195.97;2264
 91196.31;2265
 91196.31;2266
 91195.28;2267
 91195.28;2268
 91195.28;2269
 91194.24;2270
 91197.02;2271
 91195.62;2272
 91197.33;2273
 91199.41;2274
 91196.99;2275
 91199.05;2276
 91196.99;2277
 91197.68;2278
 91195.95;2279
 91195.95;2280
 91194.56;2281
 91196.30;2282
 91195.95;2283
 91195.62;2284
 91197.02;2285
 91195.62;2286
 91197.33;2287
 91198.39;2288
 91196.66;2289
 91197.02;2290
 91197.02;2291
 91195.28;2292
 91196.66;2293
 91197.70;2294
 91196.31;2295
 91194.58;2296
 91195.97;2297
 91194.58;2298
 91195.97;2299
 91194.58;2300
 91195.30;2301
 91196.67;2302
 91197.37;2303
 91195.66;2304
 91195.66;2305
 91196.69;2306
 91196.34;2307
 91196.34;2308
 91195.31;2309
 91195.31;2310
 91195.66;2311
 91197.05;2312
 91195.98;2313
 91196.33;2314
 91196.67;2315
 91198.41;2316
 91197.35;2317
 91197.35;2318
 91197.35;2319
 91195.64;2320
 91195.64;2321
 91195.97;2322
 91197.70;2323
 91196.31;2324
 91197.35;2325
 91196.67;2326
 91195.98;2327
 91195.66;2328
 91195.66;2329
 91197.37;2330
 91197.37;2331
 91198.41;2332
 91197.35;2333
 91198.41;2334
 91197.03;2335
 91198.41;2336
 91198.73;2337
 91197.35;2338
 91199.08;2339
 91197.70;2340
 91198.05;2341
 91196.66;2342
 91197.33;2343
 91198.39;2344
 91196.66;2345
 91196.31;2346
 91197.35;2347
 91197.35;2348
 91197.70;2349
 91195.28;2350
 91196.31;2351
 91196.31;2352
 91195.97;2353
 91195.97;2354
 91199.08;2355
 91197.03;2356
 91196.67;2357
 91196.67;2358
 91197.72;2359
 91197.37;2360
 91197.05;2361
 91196.69;2362
 91196.34;2363
 91196.34;2364
 91196.69;2365
 91197.05;2366
 91195.66;2367
 91196.69;2368
 91197.05;2369
 91197.72;2370
 91197.37;2371
 91197.37;2372
 91195.98;2373
 91195.98;2374
 91196.33;2375
 91196.67;2376
 91197.72;2377
 91197.72;2378
 91199.80;2379
 91198.41;2380
 91198.41;2381
 91199.45;2382
 91197.72;2383
 91196.33;2384
 91195.98;2385
 91195.31;2386
 91196.00;2387
 91195.67;2388
 91196.72;2389
 91196.72;2390
 91197.42;2391
 91197.42;2392
 91199.12;2393
 91199.12;2394
 91199.48;2395
 91199.48;2396
 91198.44;2397
 91199.48;2398
 91198.09;2399
 91198.77;2400
 91198.77;2401
 91199.11;2402
 91197.73;2403
 91196.00;2404
 91194.61;2405
 91196.69;2406
 91195.31;2407
 91195.98;2408
 91197.37;2409
 91199.09;2410
 91197.72;2411
 91198.06;2412
 91196.67;2413
 91196.33;2414
 91195.98;2415
 91197.37;2416
 91198.06;2417
 91198.06;2418
 91196.67;2419
 91198.06;2420
 91198.06;2421
 91197.03;2422
 91197.03;2423
 91198.41;2424
 91195.97;2425
 91195.97;2426
 91194.93;2427
 91198.05;2428
 91198.05;2429
 91196.31;2430
 91196.31;2431
 91196.31;2432
 91197.70;2433
 91197.35;2434
 91197.70;2435
 91196.31;2436
 91197.02;2437
 91198.39;2438
 91198.39;2439
 91198.05;2440
 91199.43;2441
 91198.05;2442
 91198.05;2443
 91197.70;2444
 91199.08;2445
 91197.35;2446
 91197.35;2447
 91197.03;2448
 91196.67;2449
 91197.37;2450
 91197.37;2451
 91197.37;2452
 91196.33;2453
 91198.06;2454
 91197.72;2455
 91198.75;2456
 91197.72;2457
 91197.72;2458
 91198.06;2459
 91199.09;2460
 91198.06;2461
 91198.06;2462
 91198.41;2463
 91197.35;2464
 91197.35;2465
 91195.97;2466
 91196.66;2467
 91197.70;2468
 91198.73;2469
 91198.73;2470
 91200.12;2471
 91198.41;2472
 91198.41;2473
 91198.06;2474
 91196.33;2475
 91197.72;2476
 91197.72;2477
 91197.72;2478
 91198.06;2479
 91199.45;2480
 91199.45;2481
 91200.48;2482
 91199.09;2483
 91200.48;2484
 91199.09;2485
 91200.48;2486
 91198.42;2487
 91198.42;2488
 91198.42;2489
 91198.75;2490
 91199.09;2491
 91199.45;2492
 91199.09;2493
 91196.33;2494
 91198.06;2495
 91197.72;2496
 91197.37;2497
 91197.37;2498
 91197.37;2499
 91197.05;2500
 91198.08;2501
 91198.08;2502
 91197.73;2503
 91197.38;2504
 91197.38;2505
 91198.09;2506
 91199.12;2507
 91199.12;2508
 91197.75;2509
 91197.75;2510
 91198.81;2511
 91196.73;2512
 91197.08;2513
 91196.73;2514
 91197.77;2515
 91196.73;2516
 91198.11;2517
 91198.11;2518
 91199.50;2519
 91199.50;2520
 91199.50;2521
 91198.11;2522
 91198.81;2523
 91196.36;2524
 91196.04;2525
 91196.04;2526
 91195.69;2527
 91197.08;2528
 91197.42;2529
 91197.42;2530
 91199.12;2531
 91199.48;2532
 91198.09;2533
 91198.09;2534
 91198.77;2535
 91199.11;2536
 91198.08;2537
 91198.08;2538
 91197.73;2539
 91198.77;2540
 91198.44;2541
 91198.81;2542
 91198.46;2543
 91197.08;2544
 91197.08;2545
 91199.12;2546
 91199.12;2547
 91199.48;2548
 91198.44;2549
 91199.83;2550
 91198.44;2551
 91199.48;2552
 91199.48;2553
 91200.19;2554
 91197.75;2555
 91200.52;2556
 91200.52;2557
 91199.84;2558
 91200.88;2559
 91200.20;2560
 91198.83;2561
 91198.83;2562
 91197.44;2563
 91198.48;2564
 91198.48;2565
 91198.83;2566
 91197.09;2567
 91198.48;2568
 91198.48;2569
 91196.05;2570
 91198.83;2571
 91197.77;2572
 91199.15;2573
 91198.83;2574
 91199.15;2575
 91198.11;2576
 91201.58;2577
 91200.86;2578
 91199.48;2579
 91200.86;2580
 91199.12;2581
 91200.52;2582
 91200.52;2583
 91200.52;2584
 91199.48;2585
 91200.15;2586
 91201.88;2587
 91200.84;2588
 91202.58;2589
 91199.81;2590
 91198.42;2591
 91198.08;2592
 91200.50;2593
 91200.50;2594
 91200.50;2595
 91200.15;2596
 91200.86;2597
 91200.86;2598
 91200.86;2599
 91200.52;2600
 91200.19;2601
 91201.23;2602
 91199.50;2603
 91199.15;2604
 91199.15;2605
 91198.83;2606
 91198.83;2607
 91199.15;2608
 91200.20;2609
 91200.20;2610
 91200.20;2611
 91199.15;2612
 91199.15;2613
 91198.83;2614
 91199.86;2615
 91200.89;2616
 91200.89;2617
 91199.52;2618
 91200.55;2619
 91200.89;2620
 91200.55;2621
 91201.93;2622
 91201.27;2623
 91200.91;2624
 91200.91;2625
 91199.18;2626
 91198.84;2627
 91200.89;2628
 91199.52;2629
 91200.89;2630
 91201.59;2631
 91201.59;2632
 91201.59;2633
 91201.25;2634
 91201.59;2635
 91202.27;2636
 91201.23;2637
 91200.19;2638
 91200.52;2639
 91200.86;2640
 91200.86;2641
 91200.86;2642
 91200.86;2643
 91201.90;2644
 91201.90;2645
 91202.95;2646
 91201.90;2647
 91201.90;2648
 91203.28;2649
 91202.25;2650
 91203.62;2651
 91201.90;2652
 91201.90;2653
 91203.28;2654
 91204.34;2655
 91202.95;2656
 91202.61;2657
 91202.95;2658
 91203.65;2659
 91203.65;2660
 91202.97;2661
 91201.93;2662
 91202.28;2663
 91200.89;2664
 91201.93;2665
 91201.61;2666
 91201.61;2667
 91201.61;2668
 91203.31;2669
 91201.27;2670
 91201.27;2671
 91201.61;2672
 91200.23;2673
 91200.23;2674
 91202.28;2675
 91202.62;2676
 91200.53;2677
 91201.23;2678
 91200.52;2679
 91201.21;2680
 91201.53;2681
 91203.27;2682
 91202.23;2683
 91202.23;2684
 91201.88;2685
 91203.61;2686
 91205.00;2687
 91205.34;2688
 91202.58;2689
 91201.19;2690
 91200.84;2691
 91201.19;2692
 91201.19;2693
 91201.52;2694
 91201.52;2695
 91203.25;2696
 91201.87;2697
 91202.90;2698
 91202.58;2699
 91201.88;2700
 91202.92;2701
 91202.92;2702
 91202.59;2703
 91203.28;2704
 91202.95;2705
 91202.95;2706
 91201.23;2707
 91202.95;2708
 91203.28;2709
 91203.28;2710
 91203.98;2711
 91202.59;2712
 91202.59;2713
 91203.98;2714
 91203.27;2715
 91204.30;2716
 91201.53;2717
 91203.98;2718
 91203.28;2719
 91201.90;2720
 91203.62;2721
 91203.62;2722
 91202.25;2723
 91203.62;2724
 91204.66;2725
 91201.90;2726
 91202.61;2727
 91202.61;2728
 91202.27;2729
 91203.30;2730
 91202.27;2731
 91201.91;2732
 91202.61;2733
 91203.28;2734
 91204.34;2735
 91203.65;2736
 91203.30;2737
 91203.30;2738
 91201.91;2739
 91202.97;2740
 91202.97;2741
 91203.30;2742
 91202.97;2743
 91203.30;2744
 91204.68;2745
 91204.02;2746
 91204.02;2747
 91204.70;2748
 91204.38;2749
 91204.03;2750
 91204.03;2751
 91202.64;2752
 91201.93;2753
 91202.64;2754
 91202.64;2755
 91202.64;2756
 91202.64;2757
 91204.03;2758
 91202.64;2759
 91202.64;2760
 91202.99;2761
 91201.93;2762
 91203.66;2763
 91203.66;2764
 91204.70;2765
 91203.31;2766
 91203.66;2767
 91202.28;2768
 91201.61;2769
 91202.64;2770
 91202.99;2771
 91201.61;2772
 91201.93;2773
 91201.93;2774
 91204.03;2775
 91202.30;2776
 91200.55;2777
 91201.94;2778
 91201.62;2779
 91202.30;2780
 91202.30;2781
 91203.34;2782
 91204.03;2783
 91204.70;2784
 91205.05;2785
 91204.02;2786
 91203.01;2787
 91205.06;2788
 91202.99;2789
 91202.99;2790
 91202.99;2791
 91202.99;2792
 91202.99;2793
 91204.38;2794
 91204.38;2795
 91203.66;2796
 91202.62;2797
 91204.02;2798
 91203.66;2799
 91202.28;2800
 91202.99;2801
 91202.99;2802
 91202.30;2803
 91203.33;2804
 91201.95;2805
 91203.68;2806
 91202.30;2807
 91202.64;2808
 91202.64;2809
 91202.99;2810
 91203.68;2811
 91203.33;2812
 91203.33;2813
 91203.33;2814
 91203.33;2815
 91201.62;2816
 91203.33;2817
 91202.30;2818
 91203.68;2819
 91203.68;2820
 91202.64;2821
 91202.30;2822
 91200.91;2823
 91202.30;2824
 91201.95;2825
 91202.30;2826
 91201.27;2827
 91201.27;2828
 91201.27;2829
 91203.31;2830
 91203.31;2831
 91203.66;2832
 91203.66;2833
 91203.66;2834
 91202.28;2835
 91202.28;2836
 91201.93;2837
 91202.62;2838
 91202.97;2839
 91202.97;2840
 91203.65;2841
 91202.61;2842
 91205.73;2843
 91204.34;2844
 91202.61;2845
 91202.97;2846
 91202.28;2847
 91203.66;2848
 91204.36;2849
 91202.97;2850
 91203.30;2851
 91203.30;2852
 91202.62;2853
 91202.62;2854
 91202.62;2855
 91202.28;2856
 91202.28;2857
 91200.89;2858
 91200.55;2859
 91200.89;2860
 91201.61;2861
 91201.61;2862
 91202.99;2863
 91202.99;2864
 91202.64;2865
 91204.03;2866
 91204.38;2867
 91204.03;2868
 91204.38;2869
 91204.03;2870
 91204.71;2871
 91204.71;2872
 91203.33;2873
 91204.71;2874
 91205.78;2875
 91204.71;2876
 91205.06;2877
 91205.41;2878
 91204.03;2879
 91202.99;2880
 91204.38;2881
 91201.93;2882
 91202.28;2883
 91202.28;2884
 91204.36;2885
 91204.68;2886
 91205.03;2887
 91202.27;2888
 91203.65;2889
 91205.03;2890
 91204.36;2891
 91203.30;2892
 91204.68;2893
 91203.65;2894
 91201.91;2895
 91202.97;2896
 91204.02;2897
 91203.66;2898
 91203.66;2899
 91204.70;2900
 91205.41;2901
 91205.41;2902
 91207.14;2903
 91206.80;2904
 91205.41;2905
 91205.77;2906
 91206.43;2907
 91205.39;2908
 91205.39;2909
 91203.66;2910
 91205.05;2911
 91205.05;2912
 91204.70;2913
 91204.70;2914
 91205.77;2915
 91204.70;2916
 91206.08;2917
 91206.43;2918
 91205.77;2919
 91205.41;2920
 91205.06;2921
 91205.41;2922
 91205.77;2923
 91206.08;2924
 91205.05;2925
 91205.39;2926
 91204.02;2927
 91204.02;2928
 91202.62;2929
 91203.66;2930
 91204.38;2931
 91202.99;2932
 91202.99;2933
 91205.05;2934
 91206.08;2935
 91205.77;2936
 91204.39;2937
 91205.05;2938
 91205.77;2939
 91203.69;2940
 91205.06;2941
 91204.03;2942
 91203.00;2943
 91204.38;2944
 91203.67;2945
 91203.01;2946
 91204.71;2947
 91205.77;2948
 91205.77;2949
 91204.70;2950
 91203.66;2951
 91205.05;2952
 91205.75;2953
 91205.75;2954
 91204.68;2955
 91206.41;2956
 91206.41;2957
 91204.36;2958
 91204.02;2959
 91204.70;2960
 91205.06;2961
 91204.71;2962
 91204.71;2963
 91207.16;2964
 91206.44;2965
 91206.09;2966
 91207.47;2967
 91206.80;2968
 91206.10;2969
 91205.78;2970
 91207.84;2971
 91207.84;2972
 91206.10;2973
 91205.78;2974
 91207.16;2975
 91207.16;2976
 91205.44;2977
 91205.78;2978
 91207.16;2979
 91206.81;2980
 91206.47;2981
 91204.73;2982
 91204.73;2983
 91204.73;2984
 91205.80;2985
 91207.50;2986
 91208.56;2987
 91208.56;2988
 91207.18;2989
 91207.50;2990
 91208.20;2991
 91209.58;2992
 91208.87;2993
 91207.48;2994
 91207.16;2995
 91208.20;2996
 91208.20;2997
 91208.20;2998
 91206.81;2999
 91206.81;3000
 91206.47;3001
 91207.85;3002
 91207.50;3003
 91208.56;3004
 91207.18;3005
 91209.58;3006
 91209.94;3007
 91209.94;3008
 91208.55;3009
 91209.94;3010
 91209.94;3011
 91208.87;3012
 91209.56;3013
 91208.87;3014
 91207.84;3015
 91208.19;3016
 91209.56;3017
 91208.53;3018
 91208.85;3019
 91208.85;3020
 91208.85;3021
 91209.92;3022
 91211.30;3023
 91209.56;3024
 91209.22;3025
 91208.55;3026
 91210.62;3027
 91209.23;3028
 91208.56;3029
 91208.22;3030
 91209.95;3031
 91209.95;3032
 91209.59;3033
 91210.98;3034
 91211.66;3035
 91210.97;3036
 91214.41;3037
 91211.64;3038
 91212.34;3039
 91212.34;3040
 91213.37;3041
 91213.02;3042
 91211.64;3043
 91211.64;3044
 91211.98;3045
 91210.25;3046
 91210.25;3047
 91210.25;3048
 91211.31;3049
 91211.31;3050
 91212.70;3051
 91212.00;3052
 91212.72;3053
 91211.66;3054
 91210.97;3055
 91210.97;3056
 91211.64;3057
 91211.31;3058
 91212.00;3059
 91210.62;3060
 91212.35;3061
 91212.70;3062
 91212.70;3063
 91213.02;3064
 91213.02;3065
 91213.37;3066
 91211.98;3067
 91210.60;3068
 91209.56;3069
 91209.56;3070
 91209.92;3071
 91211.62;3072
 91210.23;3073
 91209.20;3074
 91209.20;3075
 91210.94;3076
 91212.70;3077
 91213.02;3078
 91212.70;3079
 91213.36;3080
 91210.59;3081
 91210.95;3082
 91211.98;3083
 91212.33;3084
 91213.71;3085
 91213.36;3086
 91214.41;3087
 91215.46;3088
 91215.09;3089
 91211.97;3090
 91212.69;3091
 91213.72;3092
 91212.34;3093
 91213.35;3094
 91215.09;3095
 91213.70;3096
 91213.70;3097
 91213.35;3098
 91214.39;3099
 91214.39;3100
 91213.70;3101
 91214.75;3102
 91213.02;3103
 91214.08;3104
 91214.08;3105
 91212.70;3106
 91212.70;3107
 91212.70;3108
 91213.36;3109
 91215.45;3110
 91215.77;3111
 91217.50;3112
 91216.47;3113
 91215.75;3114
 91214.72;3115
 91215.06;3116
 91216.45;3117
 91216.45;3118
 91215.41;3119
 91215.41;3120
 91216.45;3121
 91213.68;3122
 91213.68;3123
 91214.72;3124
 91218.20;3125
 91216.47;3126
 91216.47;3127
 91216.47;3128
 91216.47;3129
 91216.11;3130
 91216.11;3131
 91215.45;3132
 91216.48;3133
 91217.52;3134
 91217.17;3135
 91215.46;3136
 91218.55;3137
 91217.52;3138
 91217.52;3139
 91217.17;3140
 91215.78;3141
 91217.17;3142
 91217.17;3143
 91216.84;3144
 91216.47;3145
 91216.47;3146
 91219.23;3147
 91217.85;3148
 91219.61;3149
 91218.23;3150
 91217.85;3151
 91218.23;3152
 91217.17;3153
 91215.46;3154
 91217.17;3155
 91215.78;3156
 91217.17;3157
 91215.09;3158
 91214.39;3159
 91217.16;3160
 91217.16;3161
 91219.60;3162
 91219.25;3163
 91219.25;3164
 91216.83;3165
 91217.16;3166
 91216.84;3167
 91216.84;3168
 91217.17;3169
 91217.52;3170
 91216.83;3171
 91218.53;3172
 91217.84;3173
 91219.23;3174
 91221.63;3175
 91220.59;3176
 91218.87;3177
 91217.83;3178
 91218.84;3179
 91218.84;3180
 91218.50;3181
 91218.50;3182
 91216.45;3183
 91216.45;3184
 91220.25;3185
 91219.90;3186
 91219.23;3187
 91220.27;3188
 91221.30;3189
 91220.61;3190
 91220.61;3191
 91219.23;3192
 91217.84;3193
 91217.84;3194
 91219.23;3195
 91217.50;3196
 91217.50;3197
 91218.88;3198
 91218.88;3199
 91221.65;3200
 91221.65;3201
 91221.65;3202
 91220.27;3203
 91220.27;3204
 91219.91;3205
 91219.59;3206
 91220.62;3207
 91219.59;3208
 91220.62;3209
 91219.25;3210
 91222.02;3211
 91221.66;3212
 91221.66;3213
 91221.66;3214
 91221.66;3215
 91221.31;3216
 91219.61;3217
 91219.23;3218
 91219.61;3219
 91221.31;3220
 91223.05;3221
 91224.43;3222
 91223.75;3223
 91223.39;3224
 91222.69;3225
 91223.03;3226
 91224.07;3227
 91222.36;3228
 91223.39;3229
 91220.28;3230
 91221.31;3231
 91222.70;3232
 91222.70;3233
 91224.09;3234
 91223.39;3235
 91221.66;3236
 91219.94;3237
 91222.38;3238
 91222.38;3239
 91224.09;3240
 91224.09;3241
 91223.05;3242
 91223.39;3243
 91222.02;3244
 91222.02;3245
 91223.39;3246
 91221.66;3247
 91222.36;3248
 91223.39;3249
 91223.75;3250
 91223.05;3251
 91222.38;3252
 91223.77;3253
 91223.77;3254
 91224.09;3255
 91223.77;3256
 91221.00;3257
 91221.31;3258
 91222.00;3259
 91222.69;3260
 91222.69;3261
 91222.37;3262
 91221.33;3263
 91221.33;3264
 91223.41;3265
 91223.41;3266
 91223.41;3267
 91222.70;3268
 91222.38;3269
 91222.03;3270
 91225.15;3271
 91223.77;3272
 91224.09;3273
 91224.44;3274
 91222.70;3275
 91223.05;3276
 91224.44;3277
 91224.44;3278
 91224.78;3279
 91223.41;3280
 91224.78;3281
 91225.45;3282
 91224.08;3283
 91225.45;3284
 91224.08;3285
 91224.42;3286
 91224.42;3287
 91224.77;3288
 91225.80;3289
 91224.42;3290
 91225.80;3291
 91223.75;3292
 91225.13;3293
 91225.13;3294
 91225.45;3295
 91225.80;3296
 91225.80;3297
 91225.45;3298
 91225.45;3299
 91224.42;3300
 91223.03;3301
 91223.77;3302
 91223.39;3303
 91226.53;3304
 91225.47;3305
 91224.09;3306
 91225.47;3307
 91226.85;3308
 91225.47;3309
 91224.43;3310
 91223.05;3311
 91224.09;3312
 91226.53;3313
 91224.77;3314
 91226.16;3315
 91227.53;3316
 91226.84;3317
 91226.52;3318
 91226.17;3319
 91225.83;3320
 91225.83;3321
 91227.55;3322
 91226.52;3323
 91225.80;3324
 91225.14;3325
 91225.47;3326
 91226.85;3327
 91226.53;3328
 91226.53;3329
 91224.77;3330
 91225.80;3331
 91225.45;3332
 91225.13;3333
 91225.13;3334
 91225.13;3335
 91224.44;3336
 91225.47;3337
 91224.09;3338
 91223.42;3339
 91223.42;3340
 91225.15;3341
 91223.05;3342
 91223.41;3343
 91224.78;3344
 91226.17;3345
 91225.47;3346
 91226.19;3347
 91225.84;3348
 91226.88;3349
 91228.25;3350
 91227.94;3351
 91226.20;3352
 91224.82;3353
 91225.16;3354
 91225.48;3355
 91224.45;3356
 91224.80;3357
 91223.77;3358
 91223.41;3359
 91222.02;3360
 91223.05;3361
 91223.41;3362
 91223.75;3363
 91223.75;3364
 91222.02;3365
 91223.05;3366
 91222.37;3367
 91224.42;3368
 91223.77;3369
 91223.77;3370
 91226.53;3371
 91225.14;3372
 91226.53;3373
 91224.77;3374
 91224.08;3375
 91226.84;3376
 91226.52;3377
 91225.13;3378
 91225.13;3379
 91225.13;3380
 91225.13;3381
 91225.13;3382
 91224.78;3383
 91224.78;3384
 91226.17;3385
 91225.45;3386
 91226.84;3387
 91225.80;3388
 91224.08;3389
 91225.45;3390
 91225.45;3391
 91225.13;3392
 91223.75;3393
 91224.44;3394
 91225.47;3395
 91224.44;3396
 91223.41;3397
 91225.45;3398
 91224.42;3399
 91224.42;3400
 91225.45;3401
 91225.13;3402
 91225.13;3403
 91224.08;3404
 91225.83;3405
 91226.17;3406
 91225.83;3407
 91225.83;3408
 91225.84;3409
 91225.48;3410
 91226.55;3411
 91225.50;3412
 91226.22;3413
 91225.87;3414
 91225.52;3415
 91224.48;3416
 91222.75;3417
 91224.48;3418
 91224.48;3419
 91224.48;3420
 91223.45;3421
 91224.84;3422
 91224.84;3423
 91225.18;3424
 91225.18;3425
 91224.84;3426
 91223.45;3427
 91226.22;3428
 91225.87;3429
 91225.52;3430
 91226.91;3431
 91224.85;3432
 91223.47;3433
 91221.73;3434
 91223.83;3435
 91224.52;3436
 91223.13;3437
 91224.52;3438
 91223.83;3439
 91223.12;3440
 91223.47;3441
 91224.14;3442
 91224.48;3443
 91225.18;3444
 91224.12;3445
 91224.82;3446
 91226.20;3447
 91223.78;3448
 91223.78;3449
 91223.78;3450
 91224.45;3451
 91224.45;3452
 91224.80;3453
 91223.42;3454
 91222.03;3455
 91223.42;3456
 91223.07;3457
 91222.72;3458
 91224.45;3459
 91224.45;3460
 91223.07;3461
 91223.42;3462
 91222.38;3463
 91223.42;3464
 91223.42;3465
 91223.42;3466
 91224.45;3467
 91226.53;3468
 91226.86;3469
 91226.86;3470
 91227.20;3471
 91227.55;3472
 91226.84;3473
 91224.08;3474
 91223.39;3475
 91226.16;3476
 91225.80;3477
 91224.08;3478
 91225.80;3479
 91224.77;3480
 91223.39;3481
 91223.77;3482
 91223.77;3483
 91224.78;3484
 91223.75;3485
 91226.52;3486
 91225.12;3487
 91224.78;3488
 91226.16;3489
 91226.16;3490
 91225.81;3491
 91225.47;3492
 91225.47;3493
 91224.43;3494
 91222.36;3495
 91222.36;3496
 91222.69;3497
 91222.69;3498
 91221.65;3499
 91223.73;3500
 91224.40;3501
 91224.75;3502
 91225.09;3503
 91225.09;3504
 91224.40;3505
 91225.78;3506
 91227.17;3507
 91225.78;3508
 91227.17;3509
 91226.81;3510
 91222.67;3511
 91224.40;3512
 91224.05;3513
 91224.05;3514
 91224.05;3515
 91225.78;3516
 91224.40;3517
 91223.02;3518
 91224.75;3519
 91226.48;3520
 91226.13;3521
 91224.75;3522
 91226.13;3523
 91226.13;3524
 91226.13;3525
 91224.40;3526
 91225.78;3527
 91226.50;3528
 91225.11;3529
 91226.15;3530
 91225.45;3531
 91226.52;3532
 91225.12;3533
 91224.78;3534
 91224.78;3535
 91226.85;3536
 91226.85;3537
 91227.91;3538
 91227.91;3539
 91226.53;3540
 91227.91;3541
 91226.53;3542
 91226.53;3543
 91226.53;3544
 91226.16;3545
 91226.84;3546
 91226.17;3547
 91226.86;3548
 91226.53;3549
 91224.11;3550
 91224.82;3551
 91225.85;3552
 91226.89;3553
 91227.23;3554
 91225.16;3555
 91225.16;3556
 91224.82;3557
 91226.20;3558
 91227.23;3559
 91225.50;3560
 91227.23;3561
 91226.20;3562
 91226.55;3563
 91226.88;3564
 91226.53;3565
 91228.59;3566
 91227.20;3567
 91228.59;3568
 91227.20;3569
 91227.91;3570
 91226.52;3571
 91227.55;3572
 91226.17;3573
 91226.53;3574
 91227.92;3575
 91228.61;3576
 91227.92;3577
 91228.95;3578
 91228.95;3579
 91229.98;3580
 91229.64;3581
 91228.25;3582
 91226.88;3583
 91228.25;3584
 91229.98;3585
 91229.64;3586
 91228.25;3587
 91228.25;3588
 91226.88;3589
 91228.25;3590
 91227.94;3591
 91226.55;3592
 91227.94;3593
 91226.55;3594
 91227.94;3595
 91226.55;3596
 91228.25;3597
 91229.64;3598
 91227.59;3599
 91227.59;3600
 91227.59;3601
 91226.55;3602
 91227.59;3603
 91226.88;3604
 91225.48;3605
 91226.88;3606
 91228.61;3607
 91229.31;3608
 91228.25;3609
 91231.02;3610
 91231.02;3611
 91230.70;3612
 91230.35;3613
 91228.62;3614
 91228.62;3615
 91227.94;3616
 91229.64;3617
 91228.25;3618
 91226.88;3619
 91228.25;3620
 91229.31;3621
 91229.31;3622
 91230.35;3623
 91229.66;3624
 91227.95;3625
 91229.33;3626
 91228.27;3627
 91228.62;3628
 91229.31;3629
 91227.94;3630
 91228.25;3631
 91228.61;3632
 91228.95;3633
 91228.95;3634
 91228.95;3635
 91228.61;3636
 91230.69;3637
 91229.30;3638
 91227.92;3639
 91228.95;3640
 91230.33;3641
 91228.61;3642
 91229.64;3643
 91231.02;3644
 91229.64;3645
 91229.64;3646
 91230.70;3647
 91230.35;3648
 91231.39;3649
 91230.00;3650
 91231.04;3651
 91230.35;3652
 91230.35;3653
 91231.02;3654
 91232.08;3655
 91231.73;3656
 91231.39;3657
 91231.02;3658
 91229.98;3659
 91228.95;3660
 91228.95;3661
 91231.38;3662
 91229.64;3663
 91229.31;3664
 91228.62;3665
 91229.33;3666
 91230.37;3667
 91230.37;3668
 91231.04;3669
 91231.73;3670
 91231.73;3671
 91230.35;3672
 91231.73;3673
 91230.70;3674
 91230.35;3675
 91230.00;3676
 91229.66;3677
 91229.66;3678
 91229.66;3679
 91231.04;3680
 91230.35;3681
 91230.70;3682
 91230.70;3683
 91231.38;3684
 91232.39;3685
 91234.12;3686
 91233.44;3687
 91232.38;3688
 91230.30;3689
 91229.30;3690
 91229.30;3691
 91229.30;3692
 91230.68;3693
 91230.68;3694
 91230.68;3695
 91232.72;3696
 91231.34;3697
 91232.05;3698
 91231.70;3699
 91232.73;3700
 91232.73;3701
 91230.67;3702
 91230.99;3703
 91230.67;3704
 91231.36;3705
 91229.97;3706
 91231.36;3707
 91231.36;3708
 91229.62;3709
 91229.62;3710
 91229.97;3711
 91231.36;3712
 91232.73;3713
 91231.70;3714
 91231.36;3715
 91232.73;3716
 91232.39;3717
 91232.06;3718
 91231.72;3719
 91231.38;3720
 91231.72;3721
 91232.06;3722
 91231.01;3723
 91227.92;3724
 91230.33;3725
 91232.75;3726
 91232.41;3727
 91232.41;3728
 91232.41;3729
 91232.75;3730
 91231.72;3731
 91230.69;3732
 91233.45;3733
 91233.77;3734
 91232.73;3735
 91231.70;3736
 91232.05;3737
 91232.38;3738
 91232.38;3739
 91230.99;3740
 91230.99;3741
 91232.38;3742
 91233.76;3743
 91233.09;3744
 91233.44;3745
 91234.12;3746
 91233.09;3747
 91232.73;3748
 91232.73;3749
 91232.73;3750
 91234.47;3751
 91233.09;3752
 91233.09;3753
 91233.44;3754
 91233.44;3755
 91233.44;3756
 91234.47;3757
 91234.12;3758
 91232.73;3759
 91234.12;3760
 91233.09;3761
 91233.09;3762
 91233.09;3763
 91233.09;3764
 91233.09;3765
 91233.09;3766
 91233.09;3767
 91233.44;3768
 91234.81;3769
 91233.44;3770
 91232.05;3771
 91232.38;3772
 91232.38;3773
 91233.09;3774
 91232.73;3775
 91231.01;3776
 91232.06;3777
 91233.11;3778
 91234.48;3779
 91233.45;3780
 91233.45;3781
 91232.39;3782
 91234.12;3783
 91233.44;3784
 91233.03;3785
 91231.91;3786
 91230.12;3787
 91231.06;3788
 91229.84;3789
 91231.48;3790
 91233.11;3791
 91232.66;3792
 91232.14;3793
 91233.07;3794
 91231.58;3795
 91232.86;3796
 91234.44;3797
 91234.66;3798
 91234.92;3799
 91234.06;3800
 91233.64;3801
 91231.84;3802
 91233.12;3803
 91231.92;3804
 91232.53;3805
 91233.12;3806
 91233.04;3807
 91230.48;3808
 91230.41;3809
 91231.36;3810
 91230.23;3811
 91230.45;3812
 91231.08;3813
 91230.64;3814
 91229.53;3815
 91229.75;3816
 91230.03;3817
 91230.31;3818
 91229.84;3819
 91231.52;3820
 91231.45;3821
 91231.70;3822
 91232.30;3823
 91231.52;3824
 91232.83;3825
 91231.40;3826
 91233.70;3827
 91232.97;3828
 91232.90;3829
 91232.13;3830
 91231.34;3831
 91230.23;3832
 91231.22;3833
 91230.80;3834
 91230.70;3835
 91230.28;3836
 91230.20;3837
 91230.77;3838
 91229.68;3839
 91232.04;3840
 91230.59;3841
 91230.52;3842
 91229.08;3843
 91228.69;3844
 91226.92;3845
 91225.11;3846
 91225.75;3847
 91225.03;3848
 91224.62;3849
 91224.92;3850
 91224.88;3851
 91224.48;3852
 91221.98;3853
 91222.98;3854
 91224.32;3855
 91224.27;3856
 91224.19;3857
 91224.12;3858
 91222.69;3859
 91223.67;3860
 91223.95;3861
 91225.60;3862
 91225.25;3863
 91224.48;3864
 91225.78;3865
 91226.77;3866
 91225.33;3867
 91225.59;3868
 91224.88;3869
 91224.12;3870
 91225.45;3871
 91222.97;3872
 91222.56;3873
 91224.59;3874
 91225.95;3875
 91225.58;3876
 91225.88;3877
 91226.19;3878
 91225.78;3879
 91226.08;3880
 91226.05;3881
 91224.98;3882
 91224.20;3883
 91225.19;3884
 91226.20;3885
 91225.10;3886
 91225.39;3887
 91227.45;3888
 91227.39;3889
 91226.29;3890
 91226.23;3891
 91225.16;3892
 91224.41;3893
 91225.42;3894
 91226.75;3895
 91224.27;3896
 91224.58;3897
 91225.56;3898
 91224.84;3899
 91223.77;3900
 91223.39;3901
 91223.67;3902
 91223.97;3903
 91223.94;3904
 91222.52;3905
 91221.44;3906
 91222.45;3907
 91222.77;3908
 91223.09;3909
 91221.98;3910
 91221.96;3911
 91223.00;3912
 91223.29;3913
 91222.94;3914
 91222.91;3915
 91224.27;3916
 91222.12;3917
 91223.84;3918
 91222.76;3919
 91223.05;3920
 91221.98;3921
 91223.36;3922
 91223.33;3923
 91221.56;3924
 91223.27;3925
 91223.91;3926
 91222.84;3927
 91224.20;3928
 91225.21;3929
 91224.86;3930
 91223.44;3931
 91223.05;3932
 91222.67;3933
 91222.65;3934
 91222.27;3935
 91223.63;3936
 91221.89;3937
 91221.51;3938
 91221.86;3939
 91222.88;3940
 91224.23;3941
 91223.51;3942
 91223.83;3943
 91223.80;3944
 91225.16;3945
 91224.42;3946
 91223.35;3947
 91222.66;3948
 91222.27;3949
 91221.55;3950
 91222.59;3951
 91221.87;3952
 91222.56;3953
 91223.92;3954
 91223.55;3955
 91224.55;3956
 91223.86;3957
 91223.10;3958
 91223.07;3959
 91223.38;3960
 91223.01;3961
 91223.33;3962
 91224.34;3963
 91224.30;3964
 91226.36;3965
 91223.89;3966
 91224.59;3967
 91223.20;3968
 91224.88;3969
 91224.17;3970
 91222.06;3971
 91223.09;3972
 91224.78;3973
 91225.12;3974
 91225.12;3975
 91225.12;3976
 91224.08;3977
 91224.42;3978
 91223.03;3979
 91223.70;3980
 91223.00;3981
 91222.28;3982
 91222.62;3983
 91225.03;3984
 91224.33;3985
 91226.39;3986
 91223.95;3987
 91223.58;3988
 91223.20;3989
 91223.16;3990
 91225.25;3991
 91223.12;3992
 91223.83;3993
 91224.49;3994
 91226.23;3995
 91224.46;3996
 91223.41;3997
 91223.76;3998
 91223.73;3999
 91224.39;4000
 91225.75;4001
 91225.38;4002
 91225.34;4003
 91224.99;4004
 91224.27;4005
 91222.49;4006
 91224.92;4007
 91224.55;4008
 91222.42;4009
 91225.18;4010
 91224.48;4011
 91225.50;4012
 91224.45;4013
 91225.80;4014
 91227.88;4015
 91227.17;4016
 91224.73;4017
 91226.79;4018
 91227.14;4019
 91224.70;4020
 91223.97;4021
 91226.38;4022
 91225.67;4023
 91225.30;4024
 91226.31;4025
 91226.66;4026
 91225.27;4027
 91226.66;4028
 91229.06;4029
 91227.67;4030
 91227.67;4031
 91226.62;4032
 91225.20;4033
 91225.16;4034
 91226.17;4035
 91225.80;4036
 91224.72;4037
 91227.12;4038
 91226.77;4039
 91228.13;4040
 91228.45;4041
 91227.41;4042
 91228.10;4043
 91228.06;4044
 91229.08;4045
 91228.70;4046
 91228.66;4047
 91227.27;4048
 91226.89;4049
 91227.92;4050
 91228.22;4051
 91227.86;4052
 91229.19;4053
 91228.11;4054
 91227.70;4055
 91228.73;4056
 91226.97;4057
 91226.58;4058
 91224.80;4059
 91224.77;4060
 91225.47;4061
 91226.48;4062
 91226.45;4063
 91227.46;4064
 91226.76;4065
 91226.38;4066
 91226.73;4067
 91227.77;4068
 91227.39;4069
 91228.09;4070
 91228.43;4071
 91228.75;4072
 91228.05;4073
 91227.67;4074
 91226.97;4075
 91228.69;4076
 91229.38;4077
 91228.33;4078
 91227.60;4079
 91227.95;4080
 91226.90;4081
 91225.12;4082
 91226.87;4083
 91228.92;4084
 91227.53;4085
 91227.88;4086
 91227.88;4087
 91227.88;4088
 91228.92;4089
 91228.27;4090
 91229.66;4091
 91226.52;4092
 91227.56;4093
 91228.97;4094
 91228.30;4095
 91228.65;4096
 91229.38;4097
 91227.29;4098
 91229.41;4099
 91229.80;4100
 91228.09;4101
 91230.18;4102
 91229.89;4103
 91230.25;4104
 91229.58;4105
 91231.36;4106
 91231.05;4107
 91231.42;4108
 91233.20;4109
 91234.67;4110
 91234.86;4111
 91233.23;4112
 91231.97;4113
 91230.05;4114
 91230.52;4115
 91229.61;4116
 91230.75;4117
 91231.23;4118
 91230.28;4119
 91231.05;4120
 91230.09;4121
 91230.54;4122
 91230.26;4123
 91230.00;4124
 91230.77;4125
 91231.58;4126
 91230.95;4127
 91230.35;4128
 91230.12;4129
 91231.96;4130
 91231.02;4131
 91231.11;4132
 91229.83;4133
 91229.92;4134
 91231.41;4135
 91232.52;4136
 91232.98;4137
 91232.70;4138
 91233.80;4139
 91232.48;4140
 91230.83;4141
 91231.93;4142
 91233.38;4143
 91230.69;4144
 91231.80;4145
 91234.98;4146
 91234.70;4147
 91234.81;4148
 91234.88;4149
 91233.86;4150
 91236.34;4151
 91235.02;4152
 91235.74;4153
 91236.50;4154
 91235.83;4155
 91234.50;4156
 91235.56;4157
 91234.92;4158
 91237.42;4159
 91235.05;4160
 91236.49;4161
 91235.50;4162
 91236.60;4163
 91238.41;4164
 91236.72;4165
 91235.73;4166
 91235.47;4167
 91235.88;4168
 91236.28;4169
 91233.90;4170
 91234.65;4171
 91235.02;4172
 91235.05;4173
 91235.11;4174
 91235.83;4175
 91235.19;4176
 91236.98;4177
 91237.73;4178
 91236.75;4179
 91235.06;4180
 91236.85;4181
 91237.28;4182
 91237.69;4183
 91236.67;4184
 91235.68;4185
 91236.42;4186
 91236.14;4187
 91236.19;4188
 91236.96;4189
 91237.34;4190
 91237.73;4191
 91236.75;4192
 91235.76;4193
 91238.56;4194
 91238.59;4195
 91238.27;4196
 91237.95;4197
 91236.27;4198
 91238.34;4199
 91237.33;4200
 91239.79;4201
 91240.16;4202
 91239.47;4203
 91240.88;4204
 91241.97;4205
 91243.39;4206
 91240.64;4207
 91242.75;4208
 91241.38;4209
 91241.41;4210
 91242.83;4211
 91243.22;4212
 91244.63;4213
 91244.31;4214
 91241.56;4215
 91241.95;4216
 91242.68;4217
 91243.03;4218
 91243.08;4219
 91243.82;4220
 91243.50;4221
 91243.88;4222
 91241.79;4223
 91244.59;4224
 91243.58;4225
 91243.95;4226
 91243.62;4227
 91244.69;4228
 91243.00;4229
 91243.03;4230
 91244.79;4231
 91244.14;4232
 91241.73;4233
 91243.50;4234
 91247.37;4235
 91246.00;4236
 91244.30;4237
 91242.58;4238
 91243.67;4239
 91245.08;4240
 91246.50;4241
 91247.56;4242
 91246.89;4243
 91246.91;4244
 91247.63;4245
 91249.05;4246
 91249.07;4247
 91248.38;4248
 91248.08;4249
 91247.41;4250
 91248.14;4251
 91247.12;4252
 91246.45;4253
 91245.81;4254
 91244.45;4255
 91243.41;4256
 91245.52;4257
 91245.16;4258
 91245.53;4259
 91246.59;4260
 91247.34;4261
 91247.36;4262
 91246.67;4263
 91247.39;4264
 91246.69;4265
 91244.95;4266
 91245.67;4267
 91246.34;4268
 91247.08;4269
 91247.45;4270
 91248.14;4271
 91246.78;4272
 91246.80;4273
 91247.17;4274
 91247.55;4275
 91246.53;4276
 91245.48;4277
 91245.51;4278
 91246.23;4279
 91247.30;4280
 91246.97;4281
 91245.95;4282
 91246.32;4283
 91248.40;4284
 91248.08;4285
 91247.38;4286
 91246.73;4287
 91247.08;4288
 91245.72;4289
 91245.73;4290
 91246.11;4291
 91246.48;4292
 91247.20;4293
 91247.22;4294
 91247.23;4295
 91246.20;4296
 91247.61;4297
 91247.62;4298
 91248.37;4299
 91248.39;4300
 91247.38;4301
 91247.72;4302
 91246.70;4303
 91246.35;4304
 91244.30;4305
 91245.70;4306
 91246.39;4307
 91246.77;4308
 91246.09;4309
 91245.05;4310
 91245.42;4311
 91246.46;4312
 91245.45;4313
 91245.12;4314
 91245.48;4315
 91246.55;4316
 91247.24;4317
 91246.23;4318
 91246.92;4319
 91245.91;4320
 91245.23;4321
 91246.96;4322
 91245.28;4323
 91244.58;4324
 91245.64;4325
 91246.01;4326
 91247.05;4327
 91247.77;4328
 91248.83;4329
 91248.84;4330
 91247.83;4331
 91247.13;4332
 91247.50;4333
 91247.85;4334
 91247.50;4335
 91246.12;4336
 91248.55;4337
 91246.84;4338
 91247.52;4339
 91247.17;4340
 91248.24;4341
 91249.28;4342
 91249.65;4343
 91248.28;4344
 91247.23;4345
 91246.57;4346
 91246.22;4347
 91245.55;4348
 91246.59;4349
 91247.62;4350
 91248.00;4351
 91245.59;4352
 91247.35;4353
 91247.00;4354
 91247.38;4355
 91248.06;4356
 91248.78;4357
 91248.44;4358
 91248.45;4359
 91248.12;4360
 91249.16;4361
 91248.14;4362
 91250.94;4363
 91249.20;4364
 91249.92;4365
 91248.91;4366
 91248.56;4367
 91248.20;4368
 91249.25;4369
 91249.27;4370
 91250.35;4371
 91249.66;4372
 91250.38;4373
 91247.95;4374
 91250.05;4375
 91247.64;4376
 91248.68;4377
 91248.33;4378
 91247.66;4379
 91248.70;4380
 91249.73;4381
 91250.80;4382
 91250.11;4383
 91252.21;4384
 91250.48;4385
 91251.16;4386
 91250.50;4387
 91252.58;4388
 91251.91;4389
 91250.53;4390
 91251.23;4391
 91251.95;4392
 91250.56;4393
 91249.86;4394
 91250.91;4395
 91249.52;4396
 91250.21;4397
 91251.25;4398
 91250.92;4399
 91250.58;4400
 91250.23;4401
 91249.88;4402
 91250.95;4403
 91249.21;4404
 91250.59;4405
 91251.28;4406
 91250.62;4407
 91251.66;4408
 91249.92;4409
 91249.59;4410
 91248.91;4411
 91250.64;4412
 91249.27;4413
 91248.95;4414
 91251.05;4415
 91249.68;4416
 91251.09;4417
 91251.77;4418
 91252.14;4419
 91251.45;4420
 91251.45;4421
 91251.12;4422
 91249.73;4423
 91251.81;4424
 91251.81;4425
 91251.47;4426
 91251.14;4427
 91252.19;4428
 91252.90;4429
 91252.55;4430
 91252.92;4431
 91251.55;4432
 91252.24;4433
 91253.28;4434
 91253.64;4435
 91253.30;4436
 91252.98;4437
 91250.89;4438
 91252.65;4439
 91253.34;4440
 91253.02;4441
 91250.94;4442
 91252.31;4443
 91251.97;4444
 91253.35;4445
 91253.03;4446
 91250.95;4447
 91250.59;4448
 91251.98;4449
 91251.66;4450
 91251.31;4451
 91250.97;4452
 91252.35;4453
 91252.35;4454
 91250.97;4455
 91253.39;4456
 91254.11;4457
 91254.12;4458
 91253.42;4459
 91251.38;4460
 91251.02;4461
 91251.73;4462
 91253.12;4463
 91252.43;4464
 91253.14;4465
 91252.09;4466
 91253.16;4467
 91252.81;4468
 91254.20;4469
 91252.47;4470
 91252.47;4471
 91254.89;4472
 91253.19;4473
 91254.22;4474
 91253.88;4475
 91253.52;4476
 91254.59;4477
 91253.20;4478
 91254.23;4479
 91254.61;4480
 91253.59;4481
 91252.89;4482
 91252.54;4483
 91253.61;4484
 91252.54;4485
 91253.61;4486
 91253.61;4487
 91253.92;4488
 91254.28;4489
 91254.28;4490
 91254.28;4491
 91254.28;4492
 91253.61;4493
 91254.30;4494
 91253.62;4495
 91252.93;4496
 91252.93;4497
 91252.93;4498
 91255.70;4499
 91252.93;4500
 91253.62;4501
 91251.17;4502
 91251.89;4503
 91254.34;4504
 91252.97;4505
