time;2021-04-07 16:06:24
temperature;16
 81594.80;0
 90986.36;1
 90984.95;2
 90985.30;3
 90983.56;4
 90983.22;5
 90982.52;6
 90983.52;7
 90983.48;8
 90984.17;9
 90982.73;10
 90980.94;11
 90983.73;12
 90982.73;13
 90983.09;14
 90981.78;15
 90983.91;16
 90983.91;17
 90983.56;18
 90982.90;19
 90983.95;20
 90982.20;21
 90983.61;22
 90984.69;23
 90984.30;24
 90983.61;25
 90983.65;26
 90985.05;27
 90983.65;28
 90985.39;29
 90983.28;30
 90983.95;31
 90984.30;32
 90984.30;33
 90982.90;34
 90983.22;35
 90984.95;36
 90984.95;37
 90985.30;38
 90982.86;39
 90983.87;40
 90982.77;41
 90980.64;42
 90981.33;43
 90983.05;44
 90982.00;45
 90984.08;46
 90984.41;47
 90984.05;48
 90982.64;49
 90982.64;50
 90981.56;51
 90981.91;52
 90980.52;53
 90980.86;54
 90982.60;55
 90980.86;56
 90982.60;57
 90982.26;58
 90982.26;59
 90984.00;60
 90982.26;61
 90982.60;62
 90981.20;63
 90982.60;64
 90982.60;65
 90982.60;66
 90984.00;67
 90985.05;68
 90983.66;69
 90985.05;70
 90985.40;71
 90984.00;72
 90984.31;73
 90983.27;74
 90985.01;75
 90984.31;76
 90984.31;77
 90985.01;78
 90982.88;79
 90982.88;80
 90982.56;81
 90981.48;82
 90983.22;83
 90983.22;84
 90982.52;85
 90981.78;86
 90980.39;87
 90981.78;88
 90982.48;89
 90982.80;90
 90981.39;91
 90981.74;92
 90982.43;93
 90982.43;94
 90982.75;95
 90982.43;96
 90983.48;97
 90982.12;98
 90982.83;99
 90981.44;100
 90981.12;101
 90980.39;102
 90980.39;103
 90982.17;104
 90982.21;105
 90981.20;106
 90982.96;107
 90982.64;108
 90982.30;109
 90983.35;110
 90984.08;111
 90981.66;112
 90979.25;113
 90982.04;114
 90983.05;115
 90983.73;116
 90984.08;117
 90983.01;118
 90983.35;119
 90983.01;120
 90983.35;121
 90984.05;122
 90985.76;123
 90984.70;124
 90983.31;125
 90983.66;126
 90983.66;127
 90982.26;128
 90982.26;129
 90982.26;130
 90983.66;131
 90984.00;132
 90982.92;133
 90982.92;134
 90982.60;135
 90984.70;136
 90984.05;137
 90984.36;138
 90981.91;139
 90982.26;140
 90981.25;141
 90980.55;142
 90981.95;143
 90981.61;144
 90984.41;145
 90984.41;146
 90984.75;147
 90985.09;148
 90984.05;149
 90985.09;150
 90982.96;151
 90983.31;152
 90983.31;153
 90982.26;154
 90981.91;155
 90984.36;156
 90981.95;157
 90981.61;158
 90983.01;159
 90985.48;160
 90986.19;161
 90984.79;162
 90984.79;163
 90983.05;164
 90984.45;165
 90983.05;166
 90984.45;167
 90983.05;168
 90981.33;169
 90983.05;170
 90982.00;171
 90982.34;172
 90982.69;173
 90983.35;174
 90980.91;175
 90981.95;176
 90981.56;177
 90983.66;178
 90982.92;179
 90982.92;180
 90982.92;181
 90982.21;182
 90980.08;183
 90980.08;184
 90980.08;185
 90979.38;186
 90981.12;187
 90983.91;188
 90982.83;189
 90982.12;190
 90983.14;191
 90981.39;192
 90981.08;193
 90982.48;194
 90982.12;195
 90982.48;196
 90982.12;197
 90982.48;198
 90981.08;199
 90981.08;200
 90980.00;201
 90982.80;202
 90982.48;203
 90983.53;204
 90983.18;205
 90981.44;206
 90981.12;207
 90980.77;208
 90981.12;209
 90981.12;210
 90981.44;211
 90982.52;212
 90984.23;213
 90982.12;214
 90982.80;215
 90982.80;216
 90983.14;217
 90981.74;218
 90980.69;219
 90981.03;220
 90983.83;221
 90983.48;222
 90983.14;223
 90982.80;224
 90981.78;225
 90982.83;226
 90982.83;227
 90984.23;228
 90983.53;229
 90982.48;230
 90983.14;231
 90982.43;232
 90983.14;233
 90983.48;234
 90982.43;235
 90982.43;236
 90982.08;237
 90982.43;238
 90984.49;239
 90982.39;240
 90983.09;241
 90981.74;242
 90982.80;243
 90982.48;244
 90982.48;245
 90982.48;246
 90981.78;247
 90982.52;248
 90983.22;249
 90982.88;250
 90983.66;251
 90987.16;252
 90985.09;253
 90985.09;254
 90984.08;255
 90985.14;256
 90984.45;257
 90984.17;258
 90984.92;259
 90984.62;260
 90983.28;261
 90984.38;262
 90983.38;263
 90983.38;264
 90983.38;265
 90984.42;266
 90983.38;267
 90985.09;268
 90981.59;269
 90981.59;270
 90983.33;271
 90984.72;272
 90984.72;273
 90983.33;274
 90982.25;275
 90984.00;276
 90985.39;277
 90986.08;278
 90986.40;279
 90983.95;280
 90985.69;281
 90986.02;282
 90986.02;283
 90986.02;284
 90985.69;285
 90987.09;286
 90986.40;287
 90987.13;288
 90987.13;289
 90986.79;290
 90986.79;291
 90986.44;292
 90988.19;293
 90988.19;294
 90988.53;295
 90988.88;296
 90987.80;297
 90987.80;298
 90989.54;299
 90988.14;300
 90988.14;301
 90987.80;302
 90986.40;303
 90986.75;304
 90988.14;305
 90987.09;306
 90988.80;307
 90987.41;308
 90987.41;309
 90987.41;310
 90987.75;311
 90987.75;312
 90987.75;313
 90988.09;314
 90988.45;315
 90986.36;316
 90987.41;317
 90986.02;318
 90986.75;319
 90988.14;320
 90986.75;321
 90989.89;322
 90988.48;323
 90988.48;324
 90987.80;325
 90988.19;326
 90987.84;327
 90989.23;328
 90988.92;329
 90987.52;330
 90987.84;331
 90987.17;332
 90987.17;333
 90987.52;334
 90986.12;335
 90988.92;336
 90988.57;337
 90988.57;338
 90988.92;339
 90988.57;340
 90987.17;341
 90987.17;342
 90985.78;343
 90986.12;344
 90984.72;345
 90986.44;346
 90985.39;347
 90986.79;348
 90987.52;349
 90986.83;350
 90986.48;351
 90987.56;352
 90988.61;353
 90988.27;354
 90989.66;355
 90989.32;356
 90989.32;357
 90986.88;358
 90987.56;359
 90987.56;360
 90986.83;361
 90987.17;362
 90987.17;363
 90987.52;364
 90990.63;365
 90987.84;366
 90989.23;367
 90988.92;368
 90988.22;369
 90989.28;370
 90989.62;371
 90989.62;372
 90988.92;373
 90988.92;374
 90989.23;375
 90989.58;376
 90988.19;377
 90991.33;378
 90991.33;379
 90991.67;380
 90990.59;381
 90988.48;382
 90987.75;383
 90988.09;384
 90987.75;385
 90989.16;386
 90987.75;387
 90985.69;388
 90986.75;389
 90987.48;390
 90988.19;391
 90986.44;392
 90988.19;393
 90988.53;394
 90988.53;395
 90988.53;396
 90988.88;397
 90986.40;398
 90984.69;399
 90986.40;400
 90987.48;401
 90989.19;402
 90987.80;403
 90989.19;404
 90987.80;405
 90987.80;406
 90986.75;407
 90986.40;408
 90987.09;409
 90987.41;410
 90988.09;411
 90988.80;412
 90987.41;413
 90987.75;414
 90988.09;415
 90989.50;416
 90990.16;417
 90990.16;418
 90989.11;419
 90988.06;420
 90989.45;421
 90989.45;422
 90989.45;423
 90988.72;424
 90987.67;425
 90989.06;426
 90986.62;427
 90988.36;428
 90988.36;429
 90986.62;430
 90988.02;431
 90991.16;432
 90991.47;433
 90988.68;434
 90987.62;435
 90988.31;436
 90989.72;437
 90988.31;438
 90988.64;439
 90988.31;440
 90986.92;441
 90986.58;442
 90986.58;443
 90986.92;444
 90987.23;445
 90987.23;446
 90987.58;447
 90986.53;448
 90986.53;449
 90985.48;450
 90986.88;451
 90986.88;452
 90986.88;453
 90988.59;454
 90988.94;455
 90988.94;456
 90988.59;457
 90988.94;458
 90988.59;459
 90988.59;460
 90986.88;461
 90988.28;462
 90988.28;463
 90988.59;464
 90988.28;465
 90989.98;466
 90989.98;467
 90988.94;468
 90990.34;469
 90987.55;470
 90986.14;471
 90987.89;472
 90988.94;473
 90990.34;474
 90988.23;475
 90989.63;476
 90988.23;477
 90987.50;478
 90987.50;479
 90987.50;480
 90987.84;481
 90987.84;482
 90989.23;483
 90989.59;484
 90987.84;485
 90987.84;486
 90988.19;487
 90989.59;488
 90990.30;489
 90989.95;490
 90988.90;491
 90988.19;492
 90988.19;493
 90988.52;494
 90988.85;495
 90988.52;496
 90989.91;497
 90989.91;498
 90988.19;499
 90986.80;500
 90986.80;501
 90989.91;502
 90989.59;503
 90989.91;504
 90988.52;505
 90988.52;506
 90989.91;507
 90987.45;508
 90988.85;509
 90988.85;510
 90987.80;511
 90990.59;512
 90987.80;513
 90988.15;514
 90989.20;515
 90988.52;516
 90989.59;517
 90989.59;518
 90989.59;519
 90990.98;520
 90992.03;521
 90991.34;522
 90989.28;523
 90991.03;524
 90989.28;525
 90989.98;526
 90989.98;527
 90988.94;528
 90990.69;529
 90990.69;530
 90991.73;531
 90988.94;532
 90990.34;533
 90988.94;534
 90989.28;535
 90989.28;536
 90989.28;537
 90989.95;538
 90988.55;539
 90991.34;540
 90992.08;541
 90993.12;542
 90993.48;543
 90994.53;544
 90992.08;545
 90991.03;546
 90992.08;547
 90990.34;548
 90991.03;549
 90990.69;550
 90992.08;551
 90993.82;552
 90990.69;553
 90991.03;554
 90992.42;555
 90990.30;556
 90990.30;557
 90991.30;558
 90990.98;559
 90987.84;560
 90987.84;561
 90987.84;562
 90989.59;563
 90989.59;564
 90990.64;565
 90989.23;566
 90989.23;567
 90989.59;568
 90989.59;569
 90990.98;570
 90989.91;571
 90991.65;572
 90991.65;573
 90991.99;574
 90991.99;575
 90992.34;576
 90993.73;577
 90993.73;578
 90993.73;579
 90991.65;580
 90990.59;581
 90990.59;582
 90991.99;583
 90990.59;584
 90990.59;585
 90988.52;586
 90991.30;587
 90992.70;588
 90991.65;589
 90990.25;590
 90990.25;591
 90989.59;592
 90990.64;593
 90991.34;594
 90991.34;595
 90991.34;596
 90992.74;597
 90989.63;598
 90992.08;599
 90991.39;600
 90991.39;601
 90993.12;602
 90991.39;603
 90992.08;604
 90992.42;605
 90992.74;606
 90994.48;607
 90993.44;608
 90993.44;609
 90993.44;610
 90990.98;611
 90990.98;612
 90991.30;613
 90993.39;614
 90993.39;615
 90993.05;616
 90991.99;617
 90993.39;618
 90994.44;619
 90992.38;620
 90991.69;621
 90992.74;622
 90991.34;623
 90993.44;624
 90993.78;625
 90991.30;626
 90992.38;627
 90993.78;628
 90993.78;629
 90993.78;630
 90992.03;631
 90993.78;632
 90994.09;633
 90991.65;634
 90991.65;635
 90990.98;636
 90992.03;637
 90990.98;638
 90991.30;639
 90992.70;640
 90992.38;641
 90993.44;642
 90993.44;643
 90992.38;644
 90992.03;645
 90993.09;646
 90994.48;647
 90994.48;648
 90995.88;649
 90994.83;650
 90994.83;651
 90993.78;652
 90992.38;653
 90993.44;654
 90993.78;655
 90995.49;656
 90993.78;657
 90993.78;658
 90994.09;659
 90993.78;660
 90993.78;661
 90996.23;662
 90994.83;663
 90994.48;664
 90994.83;665
 90996.58;666
 90994.83;667
 90996.23;668
 90997.28;669
 90997.62;670
 90997.62;671
 90998.29;672
 90999.69;673
 90999.02;674
 90998.67;675
 90999.37;676
 90997.23;677
 90997.23;678
 90995.84;679
 90995.84;680
 90995.84;681
 90994.79;682
 90995.84;683
 90995.49;684
 90995.17;685
 90994.83;686
 90995.17;687
 90996.58;688
 90994.83;689
 90994.48;690
 90994.14;691
 90995.22;692
 90994.53;693
 90996.27;694
 90995.92;695
 90994.88;696
 90994.88;697
 90996.27;698
 90995.92;699
 90996.27;700
 90997.67;701
 90996.98;702
 90997.32;703
 90998.72;704
 90996.66;705
 90995.58;706
 90994.53;707
 90994.53;708
 90997.32;709
 90995.92;710
 90996.61;711
 90997.32;712
 90997.32;713
 90995.58;714
 90998.38;715
 91000.11;716
 91001.52;717
 90999.45;718
 90999.45;719
 90999.45;720
 90998.38;721
 90999.77;722
 90997.32;723
 90997.32;724
 90996.27;725
 90996.27;726
 90997.67;727
 90996.61;728
 90999.06;729
 90999.06;730
 90998.38;731
 90998.38;732
 90999.11;733
 90998.76;734
 90999.81;735
 90998.80;736
 91000.94;737
 91000.59;738
 91001.30;739
 90998.89;740
 90998.55;741
 90999.94;742
 90999.94;743
 91001.69;744
 90998.55;745
 90999.27;746
 91000.33;747
 91000.33;748
 91001.72;749
 91001.72;750
 91000.67;751
 90999.62;752
 91001.02;753
 90999.62;754
 90999.94;755
 91000.28;756
 91000.62;757
 90999.23;758
 90999.89;759
 91000.24;760
 91000.59;761
 90999.53;762
 90999.53;763
 91000.94;764
 91001.25;765
 91001.25;766
 91002.33;767
 91002.33;768
 91000.59;769
 90997.45;770
 90999.89;771
 91001.30;772
 91001.30;773
 91000.24;774
 91000.59;775
 91000.94;776
 91003.03;777
 91003.42;778
 91001.69;779
 91002.02;780
 91000.62;781
 91000.62;782
 91001.34;783
 90999.94;784
 91001.34;785
 91001.34;786
 91000.67;787
 91001.38;788
 91002.45;789
 91001.06;790
 90999.98;791
 91000.28;792
 90998.89;793
 91001.34;794
 91000.67;795
 90999.27;796
 90999.27;797
 90999.27;798
 91001.02;799
 91001.34;800
 91000.28;801
 90998.89;802
 91000.28;803
 90998.22;804
 91001.02;805
 90999.62;806
 91001.34;807
 91001.34;808
 90999.94;809
 90999.94;810
 91000.62;811
 90999.89;812
 90999.58;813
 91000.62;814
 91002.38;815
 91001.69;816
 91002.02;817
 91000.98;818
 91002.38;819
 91002.38;820
 91003.77;821
 91002.38;822
 91002.38;823
 91000.98;824
 91002.38;825
 91001.30;826
 91002.69;827
 91003.42;828
 91002.02;829
 91001.69;830
 91001.69;831
 91000.28;832
 91001.34;833
 91001.34;834
 91001.69;835
 91001.34;836
 91001.34;837
 91001.69;838
 91000.62;839
 91000.28;840
 91001.69;841
 91003.08;842
 91003.08;843
 91001.69;844
 91002.73;845
 91001.69;846
 91001.34;847
 91002.73;848
 91005.21;849
 91003.47;850
 91003.81;851
 91004.12;852
 91004.48;853
 91004.48;854
 91003.08;855
 91002.38;856
 91001.64;857
 91001.30;858
 91001.30;859
 91002.69;860
 91003.77;861
 91003.42;862
 91003.08;863
 91002.02;864
 91002.02;865
 91003.08;866
 91003.08;867
 91004.48;868
 91002.73;869
 91004.12;870
 91004.12;871
 91004.12;872
 91002.41;873
 91002.07;874
 91001.72;875
 91002.45;876
 91002.45;877
 91002.45;878
 91002.11;879
 91002.45;880
 91002.45;881
 91005.25;882
 91003.51;883
 91003.16;884
 91003.85;885
 91002.77;886
 91002.77;887
 91004.17;888
 91005.57;889
 91005.91;890
 91005.57;891
 91005.25;892
 91005.25;893
 91005.25;894
 91003.85;895
 91004.91;896
 91005.25;897
 91004.17;898
 91003.85;899
 91003.85;900
 91002.07;901
 91001.72;902
 91002.07;903
 91000.33;904
 90999.27;905
 91001.38;906
 91001.38;907
 91002.77;908
 91003.85;909
 91003.51;910
 91003.51;911
 91003.16;912
 91004.56;913
 91004.24;914
 91002.84;915
 91003.16;916
 91003.51;917
 91003.51;918
 91004.56;919
 91004.91;920
 91004.91;921
 91003.85;922
 91005.57;923
 91005.25;924
 91006.30;925
 91006.64;926
 91006.64;927
 91006.30;928
 91005.25;929
 91004.91;930
 91004.24;931
 91004.24;932
 91003.89;933
 91003.89;934
 91005.29;935
 91003.55;936
 91004.60;937
 91004.95;938
 91005.67;939
 91005.67;940
 91004.28;941
 91005.67;942
 91004.60;943
 91006.00;944
 91004.28;945
 91007.08;946
 91007.08;947
 91007.08;948
 91005.67;949
 91008.47;950
 91006.39;951
 91006.39;952
 91008.12;953
 91007.78;954
 91006.39;955
 91007.44;956
 91006.04;957
 91006.39;958
 91006.73;959
 91007.08;960
 91007.08;961
 91008.79;962
 91008.79;963
 91006.34;964
 91006.00;965
 91007.08;966
 91007.08;967
 91007.74;968
 91007.39;969
 91006.00;970
 91006.34;971
 91004.95;972
 91004.60;973
 91006.34;974
 91007.39;975
 91008.79;976
 91006.34;977
 91008.09;978
 91006.69;979
 91005.29;980
 91007.03;981
 91006.69;982
 91008.09;983
 91007.36;984
 91007.36;985
 91006.30;986
 91005.95;987
 91005.64;988
 91005.64;989
 91007.36;990
 91005.95;991
 91006.30;992
 91004.91;993
 91005.25;994
 91007.70;995
 91005.95;996
 91005.64;997
 91006.64;998
 91008.36;999
 91005.57;1000
 91008.05;1001
 91007.36;1002
 91005.95;1003
 91007.03;1004
 91008.05;1005
 91009.09;1006
 91008.05;1007
 91008.36;1008
 91007.70;1009
 91006.64;1010
 91006.64;1011
 91006.30;1012
 91005.95;1013
 91005.67;1014
 91005.72;1015
 91005.77;1016
 91005.77;1017
 91007.48;1018
 91007.48;1019
 91009.27;1020
 91009.61;1021
 91009.61;1022
 91007.87;1023
 91009.27;1024
 91008.92;1025
 91008.92;1026
 91006.12;1027
 91009.27;1028
 91009.61;1029
 91011.00;1030
 91008.92;1031
 91008.25;1032
 91010.00;1033
 91008.59;1034
 91008.92;1035
 91008.59;1036
 91007.20;1037
 91008.92;1038
 91010.31;1039
 91008.92;1040
 91009.27;1041
 91010.00;1042
 91010.00;1043
 91011.39;1044
 91009.65;1045
 91009.65;1046
 91010.00;1047
 91010.70;1048
 91007.24;1049
 91008.30;1050
 91007.95;1051
 91009.34;1052
 91009.00;1053
 91009.00;1054
 91009.34;1055
 91010.03;1056
 91009.65;1057
 91009.65;1058
 91007.91;1059
 91008.25;1060
 91007.20;1061
 91008.59;1062
 91008.59;1063
 91010.00;1064
 91010.31;1065
 91010.31;1066
 91007.52;1067
 91009.61;1068
 91009.95;1069
 91008.88;1070
 91010.27;1071
 91010.27;1072
 91010.27;1073
 91010.27;1074
 91009.95;1075
 91009.95;1076
 91009.95;1077
 91011.67;1078
 91011.67;1079
 91011.35;1080
 91011.35;1081
 91011.00;1082
 91011.00;1083
 91012.05;1084
 91011.39;1085
 91012.09;1086
 91011.44;1087
 91010.40;1088
 91009.00;1089
 91010.40;1090
 91011.80;1091
 91009.00;1092
 91011.80;1093
 91010.74;1094
 91010.74;1095
 91011.09;1096
 91013.15;1097
 91014.89;1098
 91014.89;1099
 91014.89;1100
 91014.89;1101
 91014.19;1102
 91013.84;1103
 91014.55;1104
 91013.15;1105
 91013.15;1106
 91012.83;1107
 91013.19;1108
 91012.18;1109
 91009.39;1110
 91011.12;1111
 91012.18;1112
 91010.44;1113
 91012.53;1114
 91012.14;1115
 91012.14;1116
 91010.40;1117
 91011.48;1118
 91010.08;1119
 91010.40;1120
 91011.48;1121
 91010.44;1122
 91011.17;1123
 91010.87;1124
 91010.87;1125
 91010.87;1126
 91012.27;1127
 91011.22;1128
 91011.88;1129
 91013.62;1130
 91011.88;1131
 91011.88;1132
 91011.88;1133
 91013.62;1134
 91010.83;1135
 91011.83;1136
 91012.18;1137
 91013.58;1138
 91012.88;1139
 91011.48;1140
 91012.88;1141
 91011.12;1142
 91011.12;1143
 91011.12;1144
 91011.48;1145
 91009.00;1146
 91011.48;1147
 91011.48;1148
 91012.88;1149
 91013.19;1150
 91013.53;1151
 91013.53;1152
 91013.53;1153
 91013.19;1154
 91011.12;1155
 91011.12;1156
 91012.53;1157
 91012.18;1158
 91011.83;1159
 91009.77;1160
 91010.12;1161
 91012.22;1162
 91010.48;1163
 91010.16;1164
 91010.16;1165
 91011.88;1166
 91012.22;1167
 91012.22;1168
 91011.17;1169
 91009.77;1170
 91012.18;1171
 91011.52;1172
 91012.91;1173
 91011.83;1174
 91012.53;1175
 91012.53;1176
 91012.88;1177
 91013.53;1178
 91012.53;1179
 91012.18;1180
 91012.91;1181
 91013.97;1182
 91011.52;1183
 91012.22;1184
 91009.81;1185
 91010.16;1186
 91012.22;1187
 91012.22;1188
 91011.83;1189
 91013.58;1190
 91012.88;1191
 91011.80;1192
 91011.80;1193
 91011.48;1194
 91011.48;1195
 91011.80;1196
 91013.19;1197
 91012.53;1198
 91013.92;1199
 91014.62;1200
 91012.18;1201
 91013.58;1202
 91012.53;1203
 91011.80;1204
 91011.48;1205
 91011.48;1206
 91013.92;1207
 91012.88;1208
 91011.80;1209
 91013.53;1210
 91013.88;1211
 91012.48;1212
 91012.14;1213
 91012.14;1214
 91011.09;1215
 91011.09;1216
 91010.74;1217
 91010.08;1218
 91011.12;1219
 91010.44;1220
 91011.52;1221
 91011.88;1222
 91012.95;1223
 91014.01;1224
 91013.00;1225
 91012.69;1226
 91012.34;1227
 91011.69;1228
 91012.73;1229
 91013.12;1230
 91013.12;1231
 91013.12;1232
 91013.44;1233
 91015.91;1234
 91013.44;1235
 91012.05;1236
 91010.99;1237
 91011.34;1238
 91012.39;1239
 91012.73;1240
 91012.73;1241
 91011.69;1242
 91012.00;1243
 91013.75;1244
 91016.54;1245
 91016.19;1246
 91017.27;1247
 91017.59;1248
 91017.59;1249
 91016.92;1250
 91016.92;1251
 91014.48;1252
 91014.48;1253
 91014.13;1254
 91015.53;1255
 91015.53;1256
 91017.31;1257
 91016.23;1258
 91017.63;1259
 91020.42;1260
 91021.82;1261
 91020.10;1262
 91019.03;1263
 91018.32;1264
 91018.32;1265
 91019.72;1266
 91017.59;1267
 91019.67;1268
 91018.28;1269
 91018.62;1270
 91018.62;1271
 91020.02;1272
 91017.89;1273
 91017.89;1274
 91017.55;1275
 91016.50;1276
 91016.50;1277
 91016.50;1278
 91016.50;1279
 91016.50;1280
 91016.16;1281
 91014.44;1282
 91014.44;1283
 91014.09;1284
 91015.48;1285
 91016.88;1286
 91017.23;1287
 91016.11;1288
 91016.80;1289
 91016.06;1290
 91014.67;1291
 91014.36;1292
 91012.95;1293
 91014.01;1294
 91013.31;1295
 91013.31;1296
 91014.71;1297
 91015.79;1298
 91014.39;1299
 91014.05;1300
 91012.66;1301
 91013.70;1302
 91013.04;1303
 91012.69;1304
 91013.04;1305
 91013.36;1306
 91014.75;1307
 91016.16;1308
 91015.45;1309
 91016.84;1310
 91016.84;1311
 91018.23;1312
 91016.84;1313
 91017.84;1314
 91017.84;1315
 91017.84;1316
 91017.51;1317
 91016.80;1318
 91017.14;1319
 91016.80;1320
 91018.86;1321
 91015.75;1322
 91016.80;1323
 91015.41;1324
 91016.06;1325
 91016.06;1326
 91017.47;1327
 91019.20;1328
 91018.86;1329
 91018.86;1330
 91019.59;1331
 91017.51;1332
 91017.84;1333
 91019.98;1334
 91018.23;1335
 91018.58;1336
 91018.23;1337
 91019.64;1338
 91019.98;1339
 91017.51;1340
 91015.79;1341
 91016.11;1342
 91016.11;1343
 91016.11;1344
 91015.06;1345
 91016.80;1346
 91016.80;1347
 91015.75;1348
 91016.80;1349
 91016.80;1350
 91017.51;1351
 91017.51;1352
 91018.58;1353
 91018.23;1354
 91016.50;1355
 91015.83;1356
 91015.48;1357
 91016.58;1358
 91015.56;1359
 91018.02;1360
 91019.06;1361
 91018.75;1362
 91017.35;1363
 91017.35;1364
 91017.35;1365
 91018.02;1366
 91015.95;1367
 91015.95;1368
 91016.62;1369
 91015.95;1370
 91015.95;1371
 91017.01;1372
 91015.27;1373
 91016.66;1374
 91017.71;1375
 91017.71;1376
 91017.35;1377
 91018.36;1378
 91018.36;1379
 91015.56;1380
 91014.17;1381
 91015.56;1382
 91014.52;1383
 91014.17;1384
 91015.22;1385
 91016.97;1386
 91018.02;1387
 91018.02;1388
 91016.97;1389
 91017.31;1390
 91017.31;1391
 91016.97;1392
 91017.67;1393
 91018.41;1394
 91020.85;1395
 91018.79;1396
 91020.19;1397
 91021.91;1398
 91020.85;1399
 91020.85;1400
 91019.11;1401
 91017.39;1402
 91018.79;1403
 91017.39;1404
 91017.71;1405
 91017.71;1406
 91019.45;1407
 91019.45;1408
 91017.71;1409
 91016.66;1410
 91019.11;1411
 91019.45;1412
 91020.85;1413
 91020.51;1414
 91019.84;1415
 91021.23;1416
 91022.64;1417
 91021.58;1418
 91020.51;1419
 91018.79;1420
 91019.11;1421
 91019.45;1422
 91018.06;1423
 91018.06;1424
 91019.45;1425
 91022.59;1426
 91022.25;1427
 91021.86;1428
 91020.81;1429
 91022.20;1430
 91022.20;1431
 91020.47;1432
 91020.81;1433
 91019.41;1434
 91021.16;1435
 91021.16;1436
 91019.77;1437
 91020.81;1438
 91021.50;1439
 91021.82;1440
 91020.10;1441
 91019.03;1442
 91017.63;1443
 91016.58;1444
 91015.53;1445
 91017.27;1446
 91017.97;1447
 91016.92;1448
 91018.32;1449
 91017.97;1450
 91019.38;1451
 91019.38;1452
 91019.38;1453
 91020.42;1454
 91020.42;1455
 91021.16;1456
 91022.55;1457
 91020.47;1458
 91018.41;1459
 91019.11;1460
 91022.64;1461
 91023.34;1462
 91024.08;1463
 91020.94;1464
 91021.98;1465
 91021.67;1466
 91020.27;1467
 91017.47;1468
 91021.28;1469
 91021.28;1470
 91019.88;1471
 91021.62;1472
 91020.55;1473
 91020.55;1474
 91021.95;1475
 91023.34;1476
 91023.34;1477
 91021.62;1478
 91023.34;1479
 91020.55;1480
 91019.16;1481
 91021.95;1482
 91020.89;1483
 91019.50;1484
 91020.89;1485
 91022.29;1486
 91021.23;1487
 91019.50;1488
 91020.89;1489
 91022.64;1490
 91025.08;1491
 91023.69;1492
 91022.29;1493
 91023.34;1494
 91025.08;1495
 91025.43;1496
 91023.69;1497
 91025.43;1498
 91022.98;1499
 91020.19;1500
 91020.51;1501
 91020.51;1502
 91021.91;1503
 91020.51;1504
 91021.91;1505
 91020.51;1506
 91020.85;1507
 91019.45;1508
 91019.45;1509
 91019.80;1510
 91019.80;1511
 91019.80;1512
 91024.34;1513
 91023.27;1514
 91023.27;1515
 91022.59;1516
 91023.98;1517
 91023.98;1518
 91025.05;1519
 91024.70;1520
 91024.70;1521
 91024.70;1522
 91024.38;1523
 91025.77;1524
 91024.38;1525
 91026.83;1526
 91025.08;1527
 91024.03;1528
 91025.43;1529
 91026.48;1530
 91027.21;1531
 91026.86;1532
 91027.57;1533
 91028.30;1534
 91029.01;1535
 91029.01;1536
 91029.01;1537
 91029.01;1538
 91028.97;1539
 91028.97;1540
 91026.17;1541
 91026.17;1542
 91025.12;1543
 91024.08;1544
 91025.81;1545
 91026.13;1546
 91026.48;1547
 91025.43;1548
 91026.83;1549
 91025.77;1550
 91022.98;1551
 91023.64;1552
 91025.05;1553
 91023.98;1554
 91025.38;1555
 91026.78;1556
 91028.18;1557
 91023.64;1558
 91025.38;1559
 91023.64;1560
 91026.09;1561
 91025.77;1562
 91026.48;1563
 91025.81;1564
 91025.12;1565
 91026.17;1566
 91025.51;1567
 91027.30;1568
 91024.50;1569
 91023.10;1570
 91023.77;1571
 91023.42;1572
 91023.10;1573
 91024.50;1574
 91024.82;1575
 91025.16;1576
 91025.16;1577
 91026.22;1578
 91026.22;1579
 91025.90;1580
 91025.20;1581
 91025.94;1582
 91022.45;1583
 91022.14;1584
 91021.79;1585
 91021.79;1586
 91022.84;1587
 91024.23;1588
 91024.58;1589
 91024.58;1590
 91024.93;1591
 91026.98;1592
 91026.64;1593
 91027.72;1594
 91026.64;1595
 91026.64;1596
 91026.64;1597
 91028.04;1598
 91026.98;1599
 91028.38;1600
 91025.25;1601
 91026.33;1602
 91026.33;1603
 91026.33;1604
 91026.33;1605
 91024.23;1606
 91024.23;1607
 91024.58;1608
 91025.63;1609
 91025.29;1610
 91026.69;1611
 91027.76;1612
 91026.69;1613
 91026.36;1614
 91024.97;1615
 91026.02;1616
 91026.36;1617
 91027.42;1618
 91028.08;1619
 91026.69;1620
 91028.08;1621
 91027.76;1622
 91030.88;1623
 91028.81;1624
 91029.86;1625
 91030.59;1626
 91029.56;1627
 91026.10;1628
 91027.50;1629
 91028.89;1630
 91027.50;1631
 91028.89;1632
 91029.23;1633
 91027.50;1634
 91027.50;1635
 91028.16;1636
 91025.37;1637
 91025.37;1638
 91025.05;1639
 91026.77;1640
 91025.05;1641
 91026.45;1642
 91026.45;1643
 91027.84;1644
 91028.89;1645
 91028.89;1646
 91028.89;1647
 91029.23;1648
 91027.84;1649
 91026.45;1650
 91029.23;1651
 91027.84;1652
 91028.16;1653
 91027.11;1654
 91025.72;1655
 91025.72;1656
 91025.37;1657
 91026.77;1658
 91025.37;1659
 91025.75;1660
 91025.09;1661
 91026.48;1662
 91026.48;1663
 91025.41;1664
 91025.41;1665
 91025.09;1666
 91026.84;1667
 91027.62;1668
 91025.92;1669
 91024.91;1670
 91023.94;1671
 91023.98;1672
 91022.62;1673
 91022.98;1674
 91023.72;1675
 91024.77;1676
 91022.70;1677
 91023.75;1678
 91023.41;1679
 91025.86;1680
 91025.54;1681
 91025.54;1682
 91025.54;1683
 91025.54;1684
 91024.46;1685
 91025.86;1686
 91027.59;1687
 91027.59;1688
 91027.95;1689
 91025.50;1690
 91026.16;1691
 91026.16;1692
 91024.72;1693
 91026.47;1694
 91026.81;1695
 91026.08;1696
 91024.69;1697
 91025.73;1698
 91026.08;1699
 91024.34;1700
 91024.02;1701
 91025.07;1702
 91025.07;1703
 91024.77;1704
 91026.55;1705
 91025.86;1706
 91025.54;1707
 91025.54;1708
 91026.59;1709
 91025.90;1710
 91025.94;1711
 91025.31;1712
 91026.05;1713
 91024.69;1714
 91024.00;1715
 91024.73;1716
 91024.73;1717
 91023.66;1718
 91024.04;1719
 91025.47;1720
 91025.47;1721
 91025.82;1722
 91024.77;1723
 91026.17;1724
 91027.17;1725
 91025.05;1726
 91025.39;1727
 91025.73;1728
 91026.09;1729
 91025.70;1730
 91024.65;1731
 91026.36;1732
 91026.36;1733
 91024.97;1734
 91025.66;1735
 91026.00;1736
 91026.00;1737
 91024.92;1738
 91026.67;1739
 91027.33;1740
 91029.08;1741
 91028.73;1742
 91028.41;1743
 91028.41;1744
 91025.94;1745
 91026.28;1746
 91026.62;1747
 91028.02;1748
 91027.30;1749
 91024.84;1750
 91025.19;1751
 91027.25;1752
 91027.98;1753
 91027.98;1754
 91029.38;1755
 91028.02;1756
 91025.94;1757
 91027.33;1758
 91026.67;1759
 91023.88;1760
 91025.62;1761
 91024.22;1762
 91025.27;1763
 91023.88;1764
 91023.53;1765
 91023.88;1766
 91025.94;1767
 91025.94;1768
 91027.33;1769
 91029.08;1770
 91026.97;1771
 91027.64;1772
 91027.64;1773
 91027.98;1774
 91029.73;1775
 91028.65;1776
 91028.33;1777
 91028.99;1778
 91027.59;1779
 91027.59;1780
 91027.95;1781
 91026.55;1782
 91026.55;1783
 91028.30;1784
 91026.89;1785
 91027.21;1786
 91027.21;1787
 91026.16;1788
 91026.50;1789
 91026.85;1790
 91026.85;1791
 91028.25;1792
 91030.31;1793
 91032.05;1794
 91030.31;1795
 91030.66;1796
 91030.31;1797
 91030.31;1798
 91030.66;1799
 91032.05;1800
 91032.05;1801
 91031.70;1802
 91029.97;1803
 91030.00;1804
 91027.95;1805
 91030.05;1806
 91029.73;1807
 91030.77;1808
 91029.38;1809
 91030.77;1810
 91028.69;1811
 91028.69;1812
 91029.03;1813
 91030.44;1814
 91031.16;1815
 91033.61;1816
 91030.47;1817
 91029.42;1818
 91029.42;1819
 91028.73;1820
 91030.52;1821
 91029.84;1822
 91030.19;1823
 91029.11;1824
 91029.46;1825
 91030.19;1826
 91032.64;1827
 91032.98;1828
 91031.59;1829
 91032.59;1830
 91032.59;1831
 91032.91;1832
 91032.22;1833
 91032.88;1834
 91034.27;1835
 91032.56;1836
 91031.87;1837
 91030.47;1838
 91033.95;1839
 91035.67;1840
 91034.97;1841
 91035.62;1842
 91034.58;1843
 91033.19;1844
 91034.23;1845
 91034.23;1846
 91034.23;1847
 91033.19;1848
 91033.53;1849
 91032.48;1850
 91032.48;1851
 91032.48;1852
 91030.73;1853
 91031.78;1854
 91031.78;1855
 91032.52;1856
 91033.22;1857
 91031.83;1858
 91032.56;1859
 91031.52;1860
 91031.20;1861
 91030.19;1862
 91030.86;1863
 91032.91;1864
 91033.61;1865
 91032.56;1866
 91033.57;1867
 91034.58;1868
 91032.84;1869
 91035.62;1870
 91033.19;1871
 91032.13;1872
 91032.48;1873
 91032.09;1874
 91032.09;1875
 91032.44;1876
 91031.05;1877
 91031.36;1878
 91029.97;1879
 91029.64;1880
 91030.70;1881
 91032.09;1882
 91030.70;1883
 91032.44;1884
 91030.66;1885
 91032.39;1886
 91031.00;1887
 91031.00;1888
 91031.32;1889
 91033.06;1890
 91033.06;1891
 91033.41;1892
 91031.66;1893
 91030.61;1894
 91031.28;1895
 91033.37;1896
 91033.72;1897
 91031.97;1898
 91031.28;1899
 91033.02;1900
 91033.37;1901
 91033.37;1902
 91034.77;1903
 91032.67;1904
 91034.77;1905
 91033.37;1906
 91033.72;1907
 91033.72;1908
 91032.31;1909
 91033.72;1910
 91032.98;1911
 91032.98;1912
 91031.59;1913
 91034.03;1914
 91034.03;1915
 91033.33;1916
 91032.98;1917
 91034.03;1918
 91032.63;1919
 91032.67;1920
 91030.96;1921
 91032.36;1922
 91032.36;1923
 91032.36;1924
 91032.67;1925
 91033.37;1926
 91031.97;1927
 91032.31;1928
 91032.63;1929
 91034.03;1930
 91031.23;1931
 91032.98;1932
 91032.98;1933
 91034.03;1934
 91033.72;1935
 91033.02;1936
 91033.75;1937
 91032.02;1938
 91032.02;1939
 91033.75;1940
 91033.41;1941
 91034.46;1942
 91034.46;1943
 91034.08;1944
 91033.75;1945
 91034.08;1946
 91033.75;1947
 91032.36;1948
 91034.08;1949
 91032.67;1950
 91032.67;1951
 91034.08;1952
 91034.77;1953
 91036.50;1954
 91035.11;1955
 91036.50;1956
 91035.11;1957
 91033.72;1958
 91034.03;1959
 91035.77;1960
 91034.72;1961
 91036.12;1962
 91036.12;1963
 91036.47;1964
 91034.03;1965
 91034.42;1966
 91036.16;1967
 91037.55;1968
 91037.21;1969
 91036.50;1970
 91037.17;1971
 91037.17;1972
 91034.72;1973
 91035.07;1974
 91035.77;1975
 91035.77;1976
 91036.83;1977
 91036.50;1978
 91035.42;1979
 91035.42;1980
 91033.72;1981
 91034.03;1982
 91034.38;1983
 91035.07;1984
 91035.39;1985
 91035.39;1986
 91036.47;1987
 91035.07;1988
 91035.07;1989
 91036.12;1990
 91036.83;1991
 91035.81;1992
 91034.77;1993
 91036.16;1994
 91034.42;1995
 91035.15;1996
 91035.47;1997
 91032.36;1998
 91033.75;1999
 91034.08;2000
 91034.42;2001
 91036.50;2002
 91034.77;2003
 91034.08;2004
 91034.77;2005
 91035.11;2006
 91034.03;2007
 91035.77;2008
 91033.33;2009
 91033.99;2010
 91034.34;2011
 91036.08;2012
 91034.69;2013
 91033.63;2014
 91033.95;2015
 91035.34;2016
 91033.95;2017
 91034.69;2018
 91036.42;2019
 91034.64;2020
 91034.64;2021
 91035.70;2022
 91035.70;2023
 91035.03;2024
 91036.42;2025
 91036.42;2026
 91037.48;2027
 91036.74;2028
 91037.09;2029
 91037.44;2030
 91037.78;2031
 91036.00;2032
 91036.00;2033
 91036.34;2034
 91034.60;2035
 91036.34;2036
 91038.79;2037
 91038.10;2038
 91038.45;2039
 91038.79;2040
 91037.39;2041
 91037.73;2042
 91037.39;2043
 91037.39;2044
 91036.34;2045
 91037.73;2046
 91037.39;2047
 91037.73;2048
 91036.34;2049
 91036.34;2050
 91036.34;2051
 91036.34;2052
 91038.06;2053
 91039.80;2054
 91038.75;2055
 91036.30;2056
 91034.56;2057
 91034.56;2058
 91034.56;2059
 91036.30;2060
 91037.70;2061
 91036.30;2062
 91034.91;2063
 91036.62;2064
 91036.97;2065
 91036.97;2066
 91036.97;2067
 91035.91;2068
 91035.58;2069
 91035.91;2070
 91037.66;2071
 91037.66;2072
 91037.66;2073
 91036.92;2074
 91038.33;2075
 91038.33;2076
 91038.71;2077
 91036.58;2078
 91037.98;2079
 91037.27;2080
 91036.22;2081
 91037.62;2082
 91039.34;2083
 91040.73;2084
 91039.34;2085
 91039.68;2086
 91038.28;2087
 91038.28;2088
 91038.62;2089
 91040.38;2090
 91039.64;2091
 91039.30;2092
 91038.24;2093
 91038.59;2094
 91039.98;2095
 91039.64;2096
 91041.03;2097
 91040.69;2098
 91040.69;2099
 91039.30;2100
 91039.30;2101
 91039.98;2102
 91039.98;2103
 91039.64;2104
 91039.30;2105
 91039.30;2106
 91038.98;2107
 91039.30;2108
 91038.98;2109
 91037.23;2110
 91038.62;2111
 91041.08;2112
 91040.73;2113
 91040.06;2114
 91039.72;2115
 91039.05;2116
 91038.36;2117
 91038.36;2118
 91039.41;2119
 91038.75;2120
 91037.73;2121
 91039.84;2122
 91040.89;2123
 91040.57;2124
 91040.57;2125
 91039.17;2126
 91039.84;2127
 91041.23;2128
 91040.89;2129
 91041.23;2130
 91042.63;2131
 91040.85;2132
 91040.85;2133
 91040.85;2134
 91040.85;2135
 91040.85;2136
 91039.14;2137
 91039.14;2138
 91039.14;2139
 91040.85;2140
 91039.14;2141
 91040.53;2142
 91040.85;2143
 91041.20;2144
 91041.55;2145
 91042.94;2146
 91041.55;2147
 91040.85;2148
 91042.25;2149
 91042.98;2150
 91042.63;2151
 91042.63;2152
 91044.03;2153
 91042.63;2154
 91042.63;2155
 91042.63;2156
 91041.23;2157
 91039.50;2158
 91041.23;2159
 91038.79;2160
 91041.59;2161
 91041.59;2162
 91043.33;2163
 91042.98;2164
 91043.33;2165
 91044.72;2166
 91042.98;2167
 91044.03;2168
 91042.98;2169
 91042.98;2170
 91042.98;2171
 91042.98;2172
 91042.98;2173
 91043.33;2174
 91041.93;2175
 91041.59;2176
 91041.59;2177
 91041.59;2178
 91042.98;2179
 91042.98;2180
 91042.98;2181
 91041.59;2182
 91041.93;2183
 91040.53;2184
 91043.33;2185
 91042.98;2186
 91042.63;2187
 91041.23;2188
 91042.98;2189
 91042.98;2190
 91041.23;2191
 91040.89;2192
 91044.03;2193
 91043.37;2194
 91042.98;2195
 91044.03;2196
 91045.08;2197
 91043.37;2198
 91042.29;2199
 91042.29;2200
 91042.29;2201
 91042.63;2202
 91043.64;2203
 91042.59;2204
 91043.99;2205
 91042.94;2206
 91043.28;2207
 91044.33;2208
 91045.39;2209
 91044.72;2210
 91044.38;2211
 91043.37;2212
 91042.02;2213
 91041.31;2214
 91043.06;2215
 91044.11;2216
 91044.45;2217
 91043.06;2218
 91044.45;2219
 91045.86;2220
 91045.86;2221
 91046.20;2222
 91044.80;2223
 91046.20;2224
 91046.20;2225
 91046.20;2226
 91046.52;2227
 91046.86;2228
 91046.86;2229
 91047.20;2230
 91046.86;2231
 91046.52;2232
 91045.12;2233
 91045.47;2234
 91046.86;2235
 91045.51;2236
 91044.84;2237
 91043.80;2238
 91044.19;2239
 91045.59;2240
 91044.19;2241
 91044.53;2242
 91043.80;2243
 91042.41;2244
 91043.80;2245
 91043.80;2246
 91043.80;2247
 91043.80;2248
 91044.88;2249
 91045.59;2250
 91045.24;2251
 91045.98;2252
 91044.23;2253
 91046.02;2254
 91045.32;2255
 91046.05;2256
 91044.31;2257
 91044.66;2258
 91045.00;2259
 91043.92;2260
 91045.67;2261
 91044.62;2262
 91046.36;2263
 91044.62;2264
 91047.41;2265
 91047.41;2266
 91046.36;2267
 91045.28;2268
 91045.62;2269
 91047.38;2270
 91047.02;2271
 91048.08;2272
 91047.76;2273
 91047.76;2274
 91047.76;2275
 91047.41;2276
 91047.76;2277
 91047.76;2278
 91048.08;2279
 91048.08;2280
 91048.08;2281
 91046.68;2282
 91047.02;2283
 91046.68;2284
 91047.02;2285
 91047.02;2286
 91046.32;2287
 91045.98;2288
 91045.98;2289
 91047.72;2290
 91049.11;2291
 91049.43;2292
 91050.51;2293
 91049.43;2294
 91048.03;2295
 91049.78;2296
 91051.17;2297
 91051.52;2298
 91049.78;2299
 91048.38;2300
 91049.07;2301
 91050.12;2302
 91047.33;2303
 91046.98;2304
 91046.98;2305
 91048.38;2306
 91046.98;2307
 91048.38;2308
 91048.38;2309
 91050.83;2310
 91049.78;2311
 91048.38;2312
 91048.72;2313
 91048.72;2314
 91047.33;2315
 91048.72;2316
 91046.28;2317
 91047.67;2318
 91046.28;2319
 91046.28;2320
 91046.98;2321
 91047.72;2322
 91048.77;2323
 91047.38;2324
 91045.98;2325
 91046.32;2326
 91047.38;2327
 91047.72;2328
 91049.11;2329
 91049.11;2330
 91049.43;2331
 91048.03;2332
 91045.59;2333
 91045.59;2334
 91046.64;2335
 91048.03;2336
 91046.98;2337
 91046.98;2338
 91048.38;2339
 91049.78;2340
 91048.38;2341
 91047.67;2342
 91046.59;2343
 91045.20;2344
 91048.00;2345
 91048.00;2346
 91048.34;2347
 91048.00;2348
 91048.00;2349
 91049.73;2350
 91049.03;2351
 91049.34;2352
 91047.95;2353
 91047.95;2354
 91047.95;2355
 91047.95;2356
 91048.30;2357
 91048.30;2358
 91048.65;2359
 91049.70;2360
 91048.65;2361
 91049.31;2362
 91049.31;2363
 91048.27;2364
 91048.27;2365
 91049.66;2366
 91047.59;2367
 91048.30;2368
 91047.95;2369
 91050.43;2370
 91050.43;2371
 91049.03;2372
 91048.69;2373
 91050.08;2374
 91049.73;2375
 91048.00;2376
 91048.00;2377
 91046.94;2378
 91047.64;2379
 91047.64;2380
 91050.43;2381
 91050.08;2382
 91048.69;2383
 91047.64;2384
 91047.64;2385
 91050.43;2386
 91050.75;2387
 91048.30;2388
 91048.65;2389
 91047.25;2390
 91045.86;2391
 91047.25;2392
 91050.05;2393
 91050.39;2394
 91048.99;2395
 91049.31;2396
 91048.27;2397
 91050.00;2398
 91050.00;2399
 91049.66;2400
 91050.34;2401
 91050.00;2402
 91048.61;2403
 91047.20;2404
 91047.88;2405
 91049.27;2406
 91046.16;2407
 91047.88;2408
 91048.95;2409
 91047.88;2410
 91048.22;2411
 91049.27;2412
 91047.55;2413
 91048.95;2414
 91050.34;2415
 91047.88;2416
 91047.88;2417
 91047.88;2418
 91049.27;2419
 91050.67;2420
 91049.62;2421
 91049.96;2422
 91049.27;2423
 91049.27;2424
 91048.95;2425
 91048.61;2426
 91047.20;2427
 91048.61;2428
 91050.00;2429
 91050.00;2430
 91050.00;2431
 91050.34;2432
 91050.00;2433
 91048.95;2434
 91047.55;2435
 91048.61;2436
 91048.61;2437
 91049.66;2438
 91051.40;2439
 91049.66;2440
 91050.70;2441
 91052.10;2442
 91053.18;2443
 91050.39;2444
 91048.99;2445
 91048.99;2446
 91050.05;2447
 91048.65;2448
 91050.05;2449
 91049.31;2450
 91049.31;2451
 91048.61;2452
 91047.55;2453
 91047.88;2454
 91049.62;2455
 91051.02;2456
 91048.95;2457
 91050.34;2458
 91052.41;2459
 91052.76;2460
 91051.36;2461
 91051.02;2462
 91049.96;2463
 91050.67;2464
 91050.34;2465
 91049.66;2466
 91049.31;2467
 91049.31;2468
 91049.31;2469
 91049.31;2470
 91051.05;2471
 91050.39;2472
 91048.99;2473
 91050.39;2474
 91048.30;2475
 91048.30;2476
 91048.65;2477
 91051.09;2478
 91048.65;2479
 91047.25;2480
 91047.59;2481
 91049.31;2482
 91049.31;2483
 91049.31;2484
 91049.31;2485
 91048.99;2486
 91049.70;2487
 91050.43;2488
 91050.43;2489
 91050.43;2490
 91049.70;2491
 91047.95;2492
 91047.64;2493
 91048.69;2494
 91049.34;2495
 91050.05;2496
 91050.05;2497
 91051.78;2498
 91050.05;2499
 91050.05;2500
 91050.70;2501
 91049.31;2502
 91048.27;2503
 91048.27;2504
 91049.31;2505
 91048.99;2506
 91050.70;2507
 91050.05;2508
 91051.09;2509
 91050.05;2510
 91052.84;2511
 91051.44;2512
 91051.44;2513
 91051.44;2514
 91050.05;2515
 91050.05;2516
 91048.65;2517
 91048.65;2518
 91050.39;2519
 91050.39;2520
 91048.99;2521
 91048.99;2522
 91050.39;2523
 91050.05;2524
 91050.05;2525
 91050.39;2526
 91049.31;2527
 91050.39;2528
 91050.05;2529
 91048.65;2530
 91048.65;2531
 91047.25;2532
 91047.25;2533
 91047.91;2534
 91047.91;2535
 91047.91;2536
 91047.91;2537
 91050.39;2538
 91051.78;2539
 91050.39;2540
 91050.05;2541
 91050.05;2542
 91050.05;2543
 91051.09;2544
 91051.09;2545
 91050.75;2546
 91052.14;2547
 91050.75;2548
 91050.75;2549
 91050.43;2550
 91049.03;2551
 91049.03;2552
 91049.03;2553
 91050.75;2554
 91050.08;2555
 91048.69;2556
 91050.43;2557
 91050.43;2558
 91050.08;2559
 91051.48;2560
 91051.13;2561
 91051.48;2562
 91050.43;2563
 91050.08;2564
 91051.48;2565
 91050.08;2566
 91050.08;2567
 91050.08;2568
 91050.08;2569
 91050.08;2570
 91051.13;2571
 91050.08;2572
 91050.08;2573
 91050.43;2574
 91050.79;2575
 91051.86;2576
 91052.91;2577
 91053.30;2578
 91051.21;2579
 91050.20;2580
 91051.25;2581
 91050.59;2582
 91048.84;2583
 91048.50;2584
 91050.62;2585
 91049.27;2586
 91051.72;2587
 91051.38;2588
 91052.10;2589
 91051.77;2590
 91051.41;2591
 91052.46;2592
 91050.75;2593
 91050.41;2594
 91049.73;2595
 91050.44;2596
 91050.48;2597
 91050.88;2598
 91050.88;2599
 91051.92;2600
 91052.27;2601
 91050.17;2602
 91051.92;2603
 91052.97;2604
 91052.97;2605
 91052.66;2606
 91052.30;2607
 91054.05;2608
 91052.66;2609
 91052.66;2610
 91052.97;2611
 91053.70;2612
 91053.70;2613
 91054.05;2614
 91052.66;2615
 91052.30;2616
 91051.57;2617
 91051.57;2618
 91051.25;2619
 91051.95;2620
 91053.35;2621
 91053.02;2622
 91053.05;2623
 91052.04;2624
 91052.42;2625
 91053.86;2626
 91054.91;2627
 91054.91;2628
 91054.91;2629
 91052.84;2630
 91053.90;2631
 91053.20;2632
 91051.15;2633
 91052.23;2634
 91054.02;2635
 91051.27;2636
 91052.66;2637
 91054.05;2638
 91055.45;2639
 91054.05;2640
 91052.66;2641
 91053.01;2642
 91054.41;2643
 91054.41;2644
 91053.01;2645
 91053.01;2646
 91053.33;2647
 91053.33;2648
 91053.01;2649
 91052.31;2650
 91052.31;2651
 91053.71;2652
 91052.31;2653
 91052.31;2654
 91053.36;2655
 91052.70;2656
 91053.72;2657
 91054.11;2658
 91052.71;2659
 91053.77;2660
 91053.42;2661
 91053.09;2662
 91053.42;2663
 91052.36;2664
 91052.36;2665
 91052.36;2666
 91052.71;2667
 91052.71;2668
 91052.36;2669
 91052.02;2670
 91053.09;2671
 91053.09;2672
 91052.02;2673
 91053.77;2674
 91053.77;2675
 91054.49;2676
 91054.15;2677
 91054.53;2678
 91053.14;2679
 91052.80;2680
 91051.73;2681
 91050.66;2682
 91051.02;2683
 91051.36;2684
 91052.75;2685
 91052.75;2686
 91051.36;2687
 91051.36;2688
 91052.75;2689
 91051.36;2690
 91051.36;2691
 91051.36;2692
 91052.41;2693
 91051.02;2694
 91052.06;2695
 91053.45;2696
 91054.53;2697
 91052.80;2698
 91051.73;2699
 91051.73;2700
 91052.80;2701
 91051.05;2702
 91051.39;2703
 91052.80;2704
 91052.45;2705
 91052.45;2706
 91052.45;2707
 91054.89;2708
 91053.49;2709
 91052.09;2710
 91052.45;2711
 91051.39;2712
 91052.80;2713
 91052.80;2714
 91051.73;2715
 91053.45;2716
 91051.73;2717
 91053.45;2718
 91053.45;2719
 91054.19;2720
 91054.19;2721
 91053.84;2722
 91053.17;2723
 91053.17;2724
 91052.83;2725
 91052.83;2726
 91052.83;2727
 91053.56;2728
 91052.87;2729
 91053.59;2730
 91054.30;2731
 91053.30;2732
 91053.68;2733
 91054.03;2734
 91053.72;2735
 91054.03;2736
 91052.32;2737
 91053.72;2738
 91051.97;2739
 91053.03;2740
 91051.63;2741
 91051.97;2742
 91051.97;2743
 91050.92;2744
 91051.59;2745
 91052.64;2746
 91052.64;2747
 91053.38;2748
 91051.97;2749
 91052.32;2750
 91052.32;2751
 91052.32;2752
 91052.32;2753
 91054.42;2754
 91051.28;2755
 91053.76;2756
 91052.36;2757
 91052.68;2758
 91054.08;2759
 91052.68;2760
 91053.03;2761
 91053.38;2762
 91050.92;2763
 91051.25;2764
 91052.64;2765
 91052.64;2766
 91050.58;2767
 91051.63;2768
 91052.68;2769
 91053.76;2770
 91054.80;2771
 91053.41;2772
 91054.46;2773
 91054.11;2774
 91053.45;2775
 91055.89;2776
 91053.45;2777
 91055.19;2778
 91052.40;2779
 91051.32;2780
 91051.32;2781
 91050.62;2782
 91050.62;2783
 91052.36;2784
 91052.36;2785
 91049.89;2786
 91051.28;2787
 91051.63;2788
 91053.03;2789
 91053.38;2790
 91051.97;2791
 91053.03;2792
 91053.72;2793
 91053.72;2794
 91054.77;2795
 91053.03;2796
 91051.63;2797
 91051.28;2798
 91053.03;2799
 91051.63;2800
 91053.03;2801
 91053.38;2802
 91054.42;2803
 91054.08;2804
 91052.36;2805
 91052.68;2806
 91052.68;2807
 91053.03;2808
 91054.08;2809
 91053.03;2810
 91053.38;2811
 91052.32;2812
 91052.32;2813
 91053.72;2814
 91055.44;2815
 91052.64;2816
 91054.03;2817
 91053.38;2818
 91053.03;2819
 91054.08;2820
 91053.41;2821
 91054.46;2822
 91054.46;2823
 91054.11;2824
 91054.11;2825
 91054.11;2826
 91054.11;2827
 91054.11;2828
 91053.06;2829
 91053.41;2830
 91053.41;2831
 91050.97;2832
 91050.97;2833
 91052.68;2834
 91052.68;2835
 91053.03;2836
 91054.77;2837
 91055.81;2838
 91055.81;2839
 91055.81;2840
 91054.77;2841
 91055.81;2842
 91055.81;2843
 91054.08;2844
 91052.68;2845
 91054.08;2846
 91054.08;2847
 91056.86;2848
 91055.16;2849
 91056.55;2850
 91055.16;2851
 91055.16;2852
 91055.16;2853
 91055.47;2854
 91055.81;2855
 91056.16;2856
 91056.16;2857
 91054.77;2858
 91053.72;2859
 91055.44;2860
 91055.44;2861
 91055.78;2862
 91056.12;2863
 91057.52;2864
 91059.26;2865
 91058.19;2866
 91058.19;2867
 91057.86;2868
 91057.86;2869
 91057.52;2870
 91058.22;2871
 91057.56;2872
 91057.21;2873
 91056.86;2874
 91055.16;2875
 91055.47;2876
 91056.55;2877
 91058.27;2878
 91055.47;2879
 91055.16;2880
 91056.20;2881
 91056.91;2882
 91056.59;2883
 91056.23;2884
 91056.91;2885
 91056.23;2886
 91055.19;2887
 91055.19;2888
 91056.59;2889
 91056.23;2890
 91057.98;2891
 91057.98;2892
 91057.98;2893
 91057.98;2894
 91057.98;2895
 91056.23;2896
 91057.30;2897
 91056.95;2898
 91056.62;2899
 91059.07;2900
 91057.67;2901
 91055.94;2902
 91055.59;2903
 91055.27;2904
 91056.66;2905
 91058.06;2906
 91058.06;2907
 91060.85;2908
 91060.85;2909
 91059.77;2910
 91059.77;2911
 91058.38;2912
 91058.34;2913
 91056.95;2914
 91055.55;2915
 91056.95;2916
 91058.69;2917
 91056.95;2918
 91056.95;2919
 91058.34;2920
 91059.73;2921
 91060.47;2922
 91059.07;2923
 91059.77;2924
 91058.72;2925
 91058.72;2926
 91058.72;2927
 91058.72;2928
 91060.12;2929
 91058.72;2930
 91058.72;2931
 91059.07;2932
 91060.47;2933
 91060.47;2934
 91059.07;2935
 91059.07;2936
 91059.07;2937
 91057.67;2938
 91057.67;2939
 91058.72;2940
 91058.72;2941
 91057.33;2942
 91057.33;2943
 91057.67;2944
 91057.67;2945
 91059.07;2946
 91058.02;2947
 91057.30;2948
 91056.23;2949
 91057.63;2950
 91057.63;2951
 91060.43;2952
 91059.38;2953
 91059.03;2954
 91060.08;2955
 91059.73;2956
 91058.34;2957
 91058.69;2958
 91059.03;2959
 91060.77;2960
 91059.38;2961
 91059.70;2962
 91059.38;2963
 91059.70;2964
 91058.30;2965
 91058.30;2966
 91057.98;2967
 91056.91;2968
 91058.30;2969
 91059.70;2970
 91059.70;2971
 91059.38;2972
 91059.70;2973
 91060.43;2974
 91059.03;2975
 91058.69;2976
 91058.34;2977
 91057.67;2978
 91059.07;2979
 91060.47;2980
 91060.81;2981
 91060.81;2982
 91062.20;2983
 91062.20;2984
 91060.12;2985
 91059.77;2986
 91058.06;2987
 91059.77;2988
 91059.77;2989
 91060.47;2990
 91060.81;2991
 91061.12;2992
 91059.73;2993
 91061.12;2994
 91059.73;2995
 91060.08;2996
 91060.43;2997
 91059.03;2998
 91059.03;2999
 91060.77;3000
 91057.98;3001
 91057.98;3002
 91059.03;3003
 91060.08;3004
 91060.08;3005
 91061.48;3006
 91061.12;3007
 91061.12;3008
 91060.81;3009
 91059.07;3010
 91059.77;3011
 91061.17;3012
 91061.17;3013
 91060.12;3014
 91059.45;3015
 91060.50;3016
 91061.55;3017
 91060.89;3018
 91061.94;3019
 91060.55;3020
 91061.94;3021
 91062.64;3022
 91061.59;3023
 91059.85;3024
 91060.20;3025
 91060.20;3026
 91059.14;3027
 91059.14;3028
 91059.49;3029
 91059.81;3030
 91059.81;3031
 91058.09;3032
 91059.49;3033
 91060.89;3034
 91061.94;3035
 91061.59;3036
 91060.58;3037
 91059.89;3038
 91059.23;3039
 91058.88;3040
 91060.27;3041
 91060.27;3042
 91060.27;3043
 91059.93;3044
 91059.93;3045
 91061.00;3046
 91059.93;3047
 91061.33;3048
 91061.00;3049
 91061.00;3050
 91060.66;3051
 91059.61;3052
 91059.61;3053
 91061.33;3054
 91061.00;3055
 91061.00;3056
 91059.93;3057
 91060.27;3058
 91063.06;3059
 91061.67;3060
 91060.27;3061
 91059.93;3062
 91063.06;3063
 91061.67;3064
 91063.06;3065
 91062.36;3066
 91060.27;3067
 91060.27;3068
 91059.27;3069
 91061.05;3070
 91062.09;3071
 91062.09;3072
 91062.44;3073
 91062.76;3074
 91061.71;3075
 91062.40;3076
 91062.40;3077
 91062.40;3078
 91062.72;3079
 91061.00;3080
 91059.93;3081
 91061.00;3082
 91061.00;3083
 91061.71;3084
 91062.05;3085
 91061.36;3086
 91062.09;3087
 91061.75;3088
 91061.08;3089
 91062.12;3090
 91061.78;3091
 91062.12;3092
 91063.88;3093
 91061.08;3094
 91061.40;3095
 91062.80;3096
 91060.35;3097
 91062.09;3098
 91061.75;3099
 91063.14;3100
 91063.48;3101
 91060.70;3102
 91060.70;3103
 91060.35;3104
 91061.40;3105
 91061.75;3106
 91062.09;3107
 91062.09;3108
 91059.64;3109
 91061.36;3110
 91058.92;3111
 91058.92;3112
 91059.64;3113
 91060.35;3114
 91061.75;3115
 91061.75;3116
 91060.00;3117
 91061.40;3118
 91061.40;3119
 91061.08;3120
 91061.78;3121
 91063.19;3122
 91062.84;3123
 91064.23;3124
 91063.91;3125
 91063.56;3126
 91062.17;3127
 91062.17;3128
 91063.22;3129
 91062.88;3130
 91063.95;3131
 91061.16;3132
 91061.16;3133
 91061.48;3134
 91062.88;3135
 91064.61;3136
 91063.91;3137
 91064.23;3138
 91062.84;3139
 91061.44;3140
 91061.44;3141
 91060.05;3142
 91061.78;3143
 91060.05;3144
 91060.05;3145
 91060.05;3146
 91061.44;3147
 91061.44;3148
 91062.17;3149
 91061.83;3150
 91061.16;3151
 91062.88;3152
 91060.81;3153
 91061.52;3154
 91062.91;3155
 91061.86;3156
 91064.66;3157
 91063.98;3158
 91065.03;3159
 91062.25;3160
 91061.90;3161
 91062.25;3162
 91062.25;3163
 91062.25;3164
 91062.25;3165
 91062.59;3166
 91062.25;3167
 91061.55;3168
 91061.55;3169
 91062.28;3170
 91063.02;3171
 91064.41;3172
 91064.06;3173
 91064.41;3174
 91061.62;3175
 91061.94;3176
 91062.28;3177
 91064.34;3178
 91062.95;3179
 91062.95;3180
 91061.23;3181
 91061.23;3182
 91059.84;3183
 91060.89;3184
 91062.62;3185
 91062.62;3186
 91064.34;3187
 91064.69;3188
 91064.69;3189
 91066.09;3190
 91064.69;3191
 91063.30;3192
 91061.90;3193
 91060.50;3194
 91062.25;3195
 91063.30;3196
 91065.03;3197
 91064.69;3198
 91064.69;3199
 91064.69;3200
 91064.69;3201
 91064.69;3202
 91063.64;3203
 91062.25;3204
 91060.85;3205
 91061.52;3206
 91062.59;3207
 91063.26;3208
 91063.61;3209
 91062.55;3210
 91061.48;3211
 91063.22;3212
 91061.83;3213
 91063.56;3214
 91063.91;3215
 91064.96;3216
 91063.22;3217
 91061.83;3218
 91062.88;3219
 91061.48;3220
 91060.81;3221
 91061.86;3222
 91061.52;3223
 91061.86;3224
 91061.86;3225
 91062.91;3226
 91062.91;3227
 91061.86;3228
 91060.47;3229
 91061.86;3230
 91060.12;3231
 91063.26;3232
 91061.20;3233
 91060.12;3234
 91061.86;3235
 91060.12;3236
 91060.12;3237
 91062.21;3238
 91061.16;3239
 91061.48;3240
 91061.48;3241
 91061.48;3242
 91061.83;3243
 91058.69;3244
 91058.37;3245
 91058.69;3246
 91060.08;3247
 91060.08;3248
 91060.08;3249
 91059.77;3250
 91059.77;3251
 91061.16;3252
 91062.21;3253
 91061.86;3254
 91061.86;3255
 91061.52;3256
 91059.80;3257
 91060.85;3258
 91063.64;3259
 91063.30;3260
 91063.69;3261
 91060.89;3262
 91061.55;3263
 91062.95;3264
 91060.16;3265
 91061.55;3266
 91060.16;3267
 91061.55;3268
 91061.55;3269
 91061.90;3270
 91060.85;3271
 91062.25;3272
 91062.25;3273
 91060.50;3274
 91061.20;3275
 91060.12;3276
 91060.12;3277
 91059.08;3278
 91061.86;3279
 91062.21;3280
 91062.21;3281
 91060.81;3282
 91060.81;3283
 91060.47;3284
 91061.52;3285
 91062.25;3286
 91061.90;3287
 91061.90;3288
 91061.55;3289
 91061.23;3290
 91061.23;3291
 91060.89;3292
 91060.89;3293
 91060.89;3294
 91062.28;3295
 91060.89;3296
 91059.49;3297
 91060.16;3298
 91060.50;3299
 91060.50;3300
 91058.06;3301
 91059.45;3302
 91059.80;3303
 91059.80;3304
 91059.11;3305
 91058.77;3306
 91057.44;3307
 91057.80;3308
 91058.52;3309
 91059.95;3310
 91058.22;3311
 91059.64;3312
 91060.03;3313
 91059.34;3314
 91059.34;3315
 91058.67;3316
 91060.07;3317
 91060.07;3318
 91061.47;3319
 91061.47;3320
 91061.12;3321
 91060.77;3322
 91060.77;3323
 91060.77;3324
 91059.38;3325
 91059.72;3326
 91058.33;3327
 91057.98;3328
 91057.98;3329
 91057.98;3330
 91057.98;3331
 91056.59;3332
 91059.72;3333
 91060.07;3334
 91058.67;3335
 91059.02;3336
 91059.34;3337
 91060.42;3338
 91060.07;3339
 91057.32;3340
 91059.06;3341
 91057.66;3342
 91057.66;3343
 91058.72;3344
 91058.72;3345
 91060.11;3346
 91058.72;3347
 91059.06;3348
 91059.06;3349
 91060.77;3350
 91060.45;3351
 91061.50;3352
 91060.45;3353
 91058.72;3354
 91059.42;3355
 91058.37;3356
 91056.97;3357
 91056.62;3358
 91056.62;3359
 91057.70;3360
 91058.37;3361
 91056.62;3362
 91056.97;3363
 91056.97;3364
 91058.37;3365
 91056.97;3366
 91056.97;3367
 91056.97;3368
 91058.72;3369
 91058.72;3370
 91060.11;3371
 91060.11;3372
 91057.98;3373
 91057.98;3374
 91057.66;3375
 91055.92;3376
 91057.32;3377
 91057.32;3378
 91058.37;3379
 91055.23;3380
 91056.62;3381
 91054.91;3382
 91056.31;3383
 91056.62;3384
 91054.91;3385
 91056.31;3386
 91054.91;3387
 91056.62;3388
 91056.62;3389
 91056.62;3390
 91056.31;3391
 91057.36;3392
 91058.75;3393
 91059.09;3394
 91060.14;3395
 91057.36;3396
 91057.70;3397
 91057.36;3398
 91059.42;3399
 91058.02;3400
 91059.77;3401
 91060.11;3402
 91058.37;3403
 91058.37;3404
 91058.37;3405
 91060.45;3406
 91058.72;3407
 91058.37;3408
 91060.11;3409
 91058.72;3410
 91059.77;3411
 91059.77;3412
 91059.42;3413
 91059.09;3414
 91055.96;3415
 91057.36;3416
 91057.36;3417
 91058.75;3418
 91057.01;3419
 91057.36;3420
 91057.36;3421
 91057.70;3422
 91056.31;3423
 91057.70;3424
 91056.31;3425
 91057.36;3426
 91055.96;3427
 91055.96;3428
 91057.01;3429
 91056.66;3430
 91056.34;3431
 91056.66;3432
 91057.01;3433
 91055.61;3434
 91055.61;3435
 91058.06;3436
 91056.34;3437
 91056.34;3438
 91056.00;3439
 91056.00;3440
 91057.73;3441
 91058.06;3442
 91058.41;3443
 91057.01;3444
 91057.36;3445
 91057.70;3446
 91058.02;3447
 91058.37;3448
 91056.97;3449
 91058.02;3450
 91057.70;3451
 91057.70;3452
 91056.62;3453
 91058.37;3454
 91056.31;3455
 91056.62;3456
 91057.70;3457
 91057.70;3458
 91055.96;3459
 91057.36;3460
 91057.01;3461
 91057.36;3462
 91057.36;3463
 91057.70;3464
 91056.31;3465
 91054.91;3466
 91054.56;3467
 91054.56;3468
 91054.56;3469
 91055.61;3470
 91057.01;3471
 91057.01;3472
 91057.01;3473
 91055.61;3474
 91055.61;3475
 91054.22;3476
 91054.56;3477
 91054.91;3478
 91054.91;3479
 91055.23;3480
 91054.91;3481
 91056.31;3482
 91054.91;3483
 91055.96;3484
 91057.36;3485
 91055.61;3486
 91055.61;3487
 91056.66;3488
 91056.34;3489
 91054.60;3490
 91054.95;3491
 91055.27;3492
 91056.34;3493
 91054.60;3494
 91053.55;3495
 91054.27;3496
 91054.27;3497
 91054.27;3498
 91054.27;3499
 91054.27;3500
 91055.66;3501
 91055.31;3502
 91055.66;3503
 91055.66;3504
 91056.00;3505
 91053.55;3506
 91052.16;3507
 91053.88;3508
 91053.88;3509
 91054.22;3510
 91054.22;3511
 91052.83;3512
 91052.83;3513
 91052.83;3514
 91053.88;3515
 91053.88;3516
 91054.95;3517
 91056.34;3518
 91056.66;3519
 91056.66;3520
 91055.61;3521
 91054.22;3522
 91055.27;3523
 91055.27;3524
 91056.00;3525
 91054.95;3526
 91054.95;3527
 91054.60;3528
 91054.60;3529
 91054.60;3530
 91056.34;3531
 91056.00;3532
 91053.55;3533
 91056.34;3534
 91056.00;3535
 91057.39;3536
 91056.34;3537
 91056.00;3538
 91055.66;3539
 91056.00;3540
 91055.96;3541
 91054.19;3542
 91051.73;3543
 91051.01;3544
 91052.05;3545
 91051.66;3546
 91053.36;3547
 91053.33;3548
 91052.59;3549
 91053.29;3550
 91053.25;3551
 91052.86;3552
 91051.79;3553
 91051.79;3554
 91051.79;3555
 91052.14;3556
 91051.08;3557
 91051.43;3558
 91053.48;3559
 91051.71;3560
 91052.75;3561
 91053.77;3562
 91053.77;3563
 91053.41;3564
 91054.81;3565
 91054.11;3566
 91054.42;3567
 91053.38;3568
 91054.77;3569
 91053.38;3570
 91052.33;3571
 91054.77;3572
 91052.36;3573
 91053.77;3574
 91054.77;3575
 91052.67;3576
 91052.67;3577
 91052.98;3578
 91052.98;3579
 91052.98;3580
 91051.94;3581
 91052.29;3582
 91051.94;3583
 91051.28;3584
 91052.98;3585
 91052.29;3586
 91052.29;3587
 91051.23;3588
 91052.63;3589
 91051.94;3590
 91051.94;3591
 91052.29;3592
 91052.29;3593
 91053.69;3594
 91053.69;3595
 91052.29;3596
 91051.23;3597
 91051.23;3598
 91051.23;3599
 91050.16;3600
 91051.91;3601
 91049.45;3602
 91052.59;3603
 91053.27;3604
 91053.27;3605
 91052.55;3606
 91055.31;3607
 91053.56;3608
 91052.52;3609
 91050.39;3610
 91049.34;3611
 91050.73;3612
 91050.73;3613
 91050.73;3614
 91053.53;3615
 91053.53;3616
 91052.13;3617
 91051.44;3618
 91051.44;3619
 91052.84;3620
 91053.18;3621
 91052.84;3622
 91051.78;3623
 91053.18;3624
 91052.52;3625
 91052.17;3626
 91050.78;3627
 91049.03;3628
 91050.43;3629
 91050.08;3630
 91049.77;3631
 91049.42;3632
 91049.77;3633
 91050.47;3634
 91050.12;3635
 91051.86;3636
 91051.86;3637
 91051.52;3638
 91049.80;3639
 91048.41;3640
 91049.11;3641
 91049.45;3642
 91050.85;3643
 91052.25;3644
 91053.64;3645
 91052.63;3646
 91054.03;3647
 91052.29;3648
 91052.63;3649
 91052.29;3650
 91050.89;3651
 91051.23;3652
 91049.84;3653
 91050.16;3654
 91050.85;3655
 91049.80;3656
 91052.59;3657
 91051.52;3658
 91052.91;3659
 91051.20;3660
 91051.91;3661
 91051.55;3662
 91051.55;3663
 91050.51;3664
 91051.91;3665
 91051.91;3666
 91051.91;3667
 91052.25;3668
 91050.85;3669
 91050.85;3670
 91050.12;3671
 91051.52;3672
 91052.20;3673
 91052.55;3674
 91051.16;3675
 91051.48;3676
 91050.78;3677
 91050.05;3678
 91050.39;3679
 91049.00;3680
 91047.95;3681
 91048.95;3682
 91051.75;3683
 91052.09;3684
 91052.76;3685
 91053.10;3686
 91052.40;3687
 91052.72;3688
 91051.67;3689
 91050.62;3690
 91052.36;3691
 91052.68;3692
 91051.63;3693
 91050.23;3694
 91050.23;3695
 91049.84;3696
 91050.92;3697
 91049.53;3698
 91050.23;3699
 91048.84;3700
 91050.23;3701
 91050.58;3702
 91050.23;3703
 91050.58;3704
 91052.32;3705
 91050.92;3706
 91049.53;3707
 91050.92;3708
 91051.25;3709
 91051.59;3710
 91051.25;3711
 91051.59;3712
 91052.98;3713
 91052.98;3714
 91051.25;3715
 91050.92;3716
 91051.97;3717
 91050.23;3718
 91051.97;3719
 91051.97;3720
 91050.92;3721
 91050.92;3722
 91049.53;3723
 91046.74;3724
 91049.84;3725
 91050.20;3726
 91051.59;3727
 91050.20;3728
 91050.20;3729
 91050.55;3730
 91050.89;3731
 91049.81;3732
 91048.77;3733
 91050.16;3734
 91050.50;3735
 91049.77;3736
 91050.12;3737
 91048.72;3738
 91050.81;3739
 91051.47;3740
 91050.81;3741
 91049.73;3742
 91051.47;3743
 91050.77;3744
 91051.09;3745
 91048.64;3746
 91048.98;3747
 91050.70;3748
 91050.70;3749
 91049.66;3750
 91050.00;3751
 91049.66;3752
 91048.60;3753
 91049.66;3754
 91050.34;3755
 91050.66;3756
 91049.95;3757
 91053.42;3758
 91049.58;3759
 91050.27;3760
 91049.92;3761
 91051.31;3762
 91049.92;3763
 91049.92;3764
 91049.92;3765
 91050.59;3766
 91052.33;3767
 91052.70;3768
 91053.05;3769
 91050.25;3770
 91050.57;3771
 91050.57;3772
 91050.92;3773
 91051.27;3774
 91051.27;3775
 91049.52;3776
 91050.92;3777
 91049.88;3778
 91051.27;3779
 91051.27;3780
 91049.88;3781
 91051.61;3782
 91050.53;3783
 91050.21;3784
 91049.14;3785
 91050.53;3786
 91050.88;3787
 91052.28;3788
 91050.53;3789
 91049.14;3790
 91049.83;3791
 91050.88;3792
 91052.62;3793
 91051.22;3794
 91052.62;3795
 91053.67;3796
 91051.93;3797
 91050.53;3798
 91051.27;3799
 91050.21;3800
 91051.61;3801
 91051.93;3802
 91051.93;3803
 91051.22;3804
 91050.50;3805
 91050.84;3806
 91049.79;3807
 91051.19;3808
 91051.19;3809
 91050.14;3810
 91051.53;3811
 91050.45;3812
 91050.45;3813
 91053.24;3814
 91052.92;3815
 91052.20;3816
 91050.80;3817
 91051.84;3818
 91052.20;3819
 91050.09;3820
 91050.41;3821
 91049.02;3822
 91051.81;3823
 91053.55;3824
 91049.37;3825
 91050.77;3826
 91049.41;3827
 91047.66;3828
 91047.34;3829
