time;2021-04-07 20:22:36
temperature;12
 81594.80;0
 91207.52;1
 91207.86;2
 91206.17;3
 91204.46;4
 91204.48;5
 91206.25;6
 91205.92;7
 91205.26;8
 91204.59;9
 91206.00;10
 91205.01;11
 91205.75;12
 91205.80;13
 91206.91;14
 91206.27;15
 91205.65;16
 91205.33;17
 91205.33;18
 91205.33;19
 91205.33;20
 91206.02;21
 91205.70;22
 91207.11;23
 91207.13;24
 91205.42;25
 91204.03;26
 91205.12;27
 91207.92;28
 91209.33;29
 91209.01;30
 91208.69;31
 91211.83;32
 91209.77;33
 91209.80;34
 91209.81;35
 91208.80;36
 91209.17;37
 91209.22;38
 91209.23;39
 91208.55;40
 91208.20;41
 91208.20;42
 91207.55;43
 91207.20;44
 91206.86;45
 91207.95;46
 91207.59;47
 91206.88;48
 91208.27;49
 91208.34;50
 91206.26;51
 91208.02;52
 91207.00;53
 91206.30;54
 91207.32;55
 91208.70;56
 91208.02;57
 91209.03;58
 91209.03;59
 91207.67;60
 91207.02;61
 91207.73;62
 91208.48;63
 91206.07;64
 91209.59;65
 91207.88;66
 91206.86;67
 91206.86;68
 91208.94;69
 91208.95;70
 91210.05;71
 91210.39;72
 91207.31;73
 91208.36;74
 91207.34;75
 91208.38;76
 91208.73;77
 91208.02;78
 91208.02;79
 91209.03;80
 91208.70;81
 91207.66;82
 91207.71;83
 91207.71;84
 91208.03;85
 91207.36;86
 91208.75;87
 91210.83;88
 91208.77;89
 91208.08;90
 91206.02;91
 91208.80;92
 91208.80;93
 91208.45;94
 91208.80;95
 91208.45;96
 91206.39;97
 91208.47;98
 91207.80;99
 91207.80;100
 91207.45;101
 91208.48;102
 91208.52;103
 91209.23;104
 91209.92;105
 91209.58;106
 91210.64;107
 91210.96;108
 91209.92;109
 91209.92;110
 91209.25;111
 91209.25;112
 91210.30;113
 91210.30;114
 91209.95;115
 91212.38;116
 91210.98;117
 91208.93;118
 91209.30;119
 91207.91;120
 91208.25;121
 91208.25;122
 91207.58;123
 91207.94;124
 91210.36;125
 91210.03;126
 91209.69;127
 91209.36;128
 91210.41;129
 91210.05;130
 91210.08;131
 91212.20;132
 91211.16;133
 91211.16;134
 91211.50;135
 91209.77;136
 91207.72;137
 91208.41;138
 91210.48;139
 91209.45;140
 91211.88;141
 91211.88;142
 91211.88;143
 91211.16;144
 91212.53;145
 91211.14;146
 91211.83;147
 91211.48;148
 91212.20;149
 91210.84;150
 91211.18;151
 91210.86;152
 91210.16;153
 91210.52;154
 91209.80;155
 91209.47;156
 91211.55;157
 91211.92;158
 91212.64;159
 91209.86;160
 91209.86;161
 91211.25;162
 91210.55;163
 91212.66;164
 91213.00;165
 91212.69;166
 91211.98;167
 91211.31;168
 91211.31;169
 91210.62;170
 91211.36;171
 91212.05;172
 91212.05;173
 91212.07;174
 91211.74;175
 91211.77;176
 91213.87;177
 91213.87;178
 91214.22;179
 91214.54;180
 91213.16;181
 91214.20;182
 91214.20;183
 91213.84;184
 91213.16;185
 91213.16;186
 91213.16;187
 91213.52;188
 91212.16;189
 91212.53;190
 91213.56;191
 91212.90;192
 91211.85;193
 91212.92;194
 91213.95;195
 91214.99;196
 91214.33;197
 91214.34;198
 91213.66;199
 91211.91;200
 91214.36;201
 91211.98;202
 91211.63;203
 91213.71;204
 91213.39;205
 91214.78;206
 91214.41;207
 91215.08;208
 91215.06;209
 91215.75;210
 91215.41;211
 91215.06;212
 91215.08;213
 91215.45;214
 91214.06;215
 91214.75;216
 91213.32;217
 91211.59;218
 91213.30;219
 91215.03;220
 91215.03;221
 91215.06;222
 91214.39;223
 91214.04;224
 91214.41;225
 91213.71;226
 91213.05;227
 91213.41;228
 91213.06;229
 91214.10;230
 91213.09;231
 91214.12;232
 91215.88;233
 91214.84;234
 91215.86;235
 91215.16;236
 91214.84;237
 91213.80;238
 91212.78;239
 91213.49;240
 91212.80;241
 91214.55;242
 91215.24;243
 91216.62;244
 91213.86;245
 91213.17;246
 91215.24;247
 91215.96;248
 91217.37;249
 91216.00;250
 91215.66;251
 91214.98;252
 91213.94;253
 91215.00;254
 91213.62;255
 91214.29;256
 91215.33;257
 91214.66;258
 91214.66;259
 91215.70;260
 91215.03;261
 91215.72;262
 91216.08;263
 91215.73;264
 91217.12;265
 91215.39;266
 91217.47;267
 91216.44;268
 91216.75;269
 91216.75;270
 91216.08;271
 91214.72;272
 91215.09;273
 91215.09;274
 91214.72;275
 91214.00;276
 91215.06;277
 91215.09;278
 91215.77;279
 91214.39;280
 91216.47;281
 91216.11;282
 91217.84;283
 91215.39;284
 91216.11;285
 91216.11;286
 91214.37;287
 91214.72;288
 91214.72;289
 91216.80;290
 91216.12;291
 91214.73;292
 91216.12;293
 91215.43;294
 91217.53;295
 91217.19;296
 91216.52;297
 91216.17;298
 91215.81;299
 91214.11;300
 91214.11;301
 91214.78;302
 91215.81;303
 91216.19;304
 91214.47;305
 91217.24;306
 91216.58;307
 91217.28;308
 91219.39;309
 91219.75;310
 91217.67;311
 91217.67;312
 91217.31;313
 91217.31;314
 91217.00;315
 91214.56;316
 91217.36;317
 91215.65;318
 91215.30;319
 91214.61;320
 91218.09;321
 91218.09;322
 91219.48;323
 91218.44;324
 91217.74;325
 91217.39;326
 91216.73;327
 91218.11;328
 91217.08;329
 91218.11;330
 91219.12;331
 91218.09;332
 91218.78;333
 91217.08;334
 91217.08;335
 91215.69;336
 91216.01;337
 91216.36;338
 91215.32;339
 91215.67;340
 91217.38;341
 91217.73;342
 91218.09;343
 91219.12;344
 91217.77;345
 91217.77;346
 91215.71;347
 91217.09;348
 91216.75;349
 91218.48;350
 91219.52;351
 91218.50;352
 91219.17;353
 91217.42;354
 91216.38;355
 91217.09;356
 91216.75;357
 91217.11;358
 91215.73;359
 91218.50;360
 91218.50;361
 91219.19;362
 91219.19;363
 91219.19;364
 91217.80;365
 91218.52;366
 91218.52;367
 91219.19;368
 91217.80;369
 91217.11;370
 91216.40;371
 91215.73;372
 91216.77;373
 91217.11;374
 91216.05;375
 91218.16;376
 91217.13;377
 91217.48;378
 91216.81;379
 91216.81;380
 91221.31;381
 91221.31;382
 91217.84;383
 91218.88;384
 91220.98;385
 91220.63;386
 91220.28;387
 91220.33;388
 91223.45;389
 91223.12;390
 91224.16;391
 91222.41;392
 91222.06;393
 91223.45;394
 91221.73;395
 91220.67;396
 91220.33;397
 91222.04;398
 91220.33;399
 91220.66;400
 91222.04;401
 91221.72;402
 91221.38;403
 91221.67;404
 91220.98;405
 91221.33;406
 91221.67;407
 91219.97;408
 91221.35;409
 91221.35;410
 91221.02;411
 91219.28;412
 91221.02;413
 91221.02;414
 91222.06;415
 91223.45;416
 91225.89;417
 91223.12;418
 91223.45;419
 91222.41;420
 91222.75;421
 91223.11;422
 91223.42;423
 91223.42;424
 91223.42;425
 91223.45;426
 91220.67;427
 91222.77;428
 91222.77;429
 91224.85;430
 91224.53;431
 91224.85;432
 91225.56;433
 91224.55;434
 91224.87;435
 91223.83;436
 91223.16;437
 91223.48;438
 91222.81;439
 91222.84;440
 91223.20;441
 91223.52;442
 91224.91;443
 91225.25;444
 91225.95;445
 91224.91;446
 91225.27;447
 91226.66;448
 91225.64;449
 91224.64;450
 91223.59;451
 91225.34;452
 91223.95;453
 91223.59;454
 91222.22;455
 91223.59;456
 91223.97;457
 91223.30;458
 91221.56;459
 91224.34;460
 91224.00;461
 91222.98;462
 91224.73;463
 91226.81;464
 91225.42;465
 91224.04;466
 91224.73;467
 91225.06;468
 91225.76;469
 91225.41;470
 91225.06;471
 91224.73;472
 91224.39;473
 91224.04;474
 91223.38;475
 91224.78;476
 91225.12;477
 91225.84;478
 91226.20;479
 91224.47;480
 91224.47;481
 91222.73;482
 91222.06;483
 91223.81;484
 91224.84;485
 91226.22;486
 91223.45;487
 91224.12;488
 91226.52;489
 91226.20;490
 91225.18;491
 91223.45;492
 91225.88;493
 91226.59;494
 91227.62;495
 91225.54;496
 91224.88;497
 91223.14;498
 91224.17;499
 91225.58;500
 91224.56;501
 91226.66;502
 91225.59;503
 91225.59;504
 91225.95;505
 91226.97;506
 91224.89;507
 91226.26;508
 91227.27;509
 91227.97;510
 91227.97;511
 91228.31;512
 91227.64;513
 91226.26;514
 91224.52;515
 91224.52;516
 91227.99;517
 91228.66;518
 91229.38;519
 91229.70;520
 91227.64;521
 91227.30;522
 91226.92;523
 91226.59;524
 91227.62;525
 91226.91;526
 91227.99;527
 91226.61;528
 91226.92;529
 91226.23;530
 91225.89;531
 91227.27;532
 91227.64;533
 91227.66;534
 91226.64;535
 91226.66;536
 91227.70;537
 91227.72;538
 91225.98;539
 91227.02;540
 91227.02;541
 91228.77;542
 91227.03;543
 91227.05;544
 91226.05;545
 91227.09;546
 91227.80;547
 91227.46;548
 91227.12;549
 91227.48;550
 91227.48;551
 91227.83;552
 91229.56;553
 91227.12;554
 91226.80;555
 91226.46;556
 91226.46;557
 91227.84;558
 91227.15;559
 91226.80;560
 91227.83;561
 91227.11;562
 91225.73;563
 91227.48;564
 91227.12;565
 91226.80;566
 91226.80;567
 91226.46;568
 91227.12;569
 91226.44;570
 91227.11;571
 91227.48;572
 91226.44;573
 91227.83;574
 91228.84;575
 91227.80;576
 91228.16;577
 91228.16;578
 91228.84;579
 91228.50;580
 91228.52;581
 91229.90;582
 91230.94;583
 91230.23;584
 91231.62;585
 91229.88;586
 91230.23;587
 91228.84;588
 91227.83;589
 91228.52;590
 91228.52;591
 91228.19;592
 91227.84;593
 91227.84;594
 91231.30;595
 91229.58;596
 91228.19;597
 91227.50;598
 91228.21;599
 91227.52;600
 91227.52;601
 91228.23;602
 91228.55;603
 91228.55;604
 91228.23;605
 91229.61;606
 91227.88;607
 91226.84;608
 91228.23;609
 91228.25;610
 91228.56;611
 91227.53;612
 91227.16;613
 91225.09;614
 91225.44;615
 91227.86;616
 91228.21;617
 91228.21;618
 91227.15;619
 91226.12;620
 91226.84;621
 91228.92;622
 91228.92;623
 91229.61;624
 91229.27;625
 91229.94;626
 91228.21;627
 91228.21;628
 91228.21;629
 91228.55;630
 91228.23;631
 91229.27;632
 91228.94;633
 91229.65;634
 91227.56;635
 91228.59;636
 91227.55;637
 91228.59;638
 91227.90;639
 91228.59;640
 91228.94;641
 91229.28;642
 91228.56;643
 91228.56;644
 91227.55;645
 91228.59;646
 91227.92;647
 91228.95;648
 91226.19;649
 91227.22;650
 91229.67;651
 91231.05;652
 91230.03;653
 91230.38;654
 91229.70;655
 91229.70;656
 91228.69;657
 91230.41;658
 91229.38;659
 91229.02;660
 91228.70;661
 91228.36;662
 91228.72;663
 91228.02;664
 91227.34;665
 91229.05;666
 91228.72;667
 91227.34;668
 91226.64;669
 91227.36;670
 91227.01;671
 91227.01;672
 91228.39;673
 91231.16;674
 91229.08;675
 91226.66;676
 91228.74;677
 91230.12;678
 91228.74;679
 91229.76;680
 91229.05;681
 91230.42;682
 91227.67;683
 91227.36;684
 91228.38;685
 91228.72;686
 91228.38;687
 91229.41;688
 91228.74;689
 91228.39;690
 91229.08;691
 91228.41;692
 91229.80;693
 91230.47;694
 91230.81;695
 91231.16;696
 91229.42;697
 91229.06;698
 91229.76;699
 91230.45;700
 91229.78;701
 91227.38;702
 91227.38;703
 91228.06;704
 91227.38;705
 91228.02;706
 91229.41;707
 91229.41;708
 91229.05;709
 91229.39;710
 91230.42;711
 91229.76;712
 91229.06;713
 91228.39;714
 91229.42;715
 91228.05;716
 91228.39;717
 91225.62;718
 91226.66;719
 91228.05;720
 91229.78;721
 91228.02;722
 91228.72;723
 91228.72;724
 91230.42;725
 91229.74;726
 91231.48;727
 91231.12;728
 91230.42;729
 91230.78;730
 91229.74;731
 91231.48;732
 91229.05;733
 91229.76;734
 91230.45;735
 91230.45;736
 91232.18;737
 91229.06;738
 91228.74;739
 91227.01;740
 91229.06;741
 91228.72;742
 91227.34;743
 91226.98;744
 91228.02;745
 91230.11;746
 91228.72;747
 91227.34;748
 91229.39;749
 91230.11;750
 91229.05;751
 91230.78;752
 91230.42;753
 91229.76;754
 91230.12;755
 91230.45;756
 91231.14;757
 91231.51;758
 91230.47;759
 91230.47;760
 91231.53;761
 91230.14;762
 91229.08;763
 91229.80;764
 91229.80;765
 91228.76;766
 91226.66;767
 91228.76;768
 91227.69;769
 91228.74;770
 91228.05;771
 91229.78;772
 91228.39;773
 91228.39;774
 91230.81;775
 91231.51;776
 91231.14;777
 91230.80;778
 91231.14;779
 91230.11;780
 91230.11;781
 91229.78;782
 91227.38;783
 91228.06;784
 91229.81;785
 91230.84;786
 91229.12;787
 91230.17;788
 91229.12;789
 91228.08;790
 91226.01;791
 91224.62;792
 91225.66;793
 91227.39;794
 91227.39;795
 91230.16;796
 91230.16;797
 91228.42;798
 91227.39;799
 91226.69;800
 91227.41;801
 91227.06;802
 91228.09;803
 91229.84;804
 91231.59;805
 91232.28;806
 91231.62;807
 91229.88;808
 91230.57;809
 91230.25;810
 91231.63;811
 91230.94;812
 91231.99;813
 91231.31;814
 91229.94;815
 91231.67;816
 91232.36;817
 91230.62;818
 91229.25;819
 91229.97;820
 91230.98;821
 91229.25;822
 91231.70;823
 91230.31;824
 91232.39;825
 91231.01;826
 91229.62;827
 91231.01;828
 91231.01;829
 91229.27;830
 91228.95;831
 91229.64;832
 91231.38;833
 91231.01;834
 91229.97;835
 91228.23;836
 91229.62;837
 91230.66;838
 91229.27;839
 91227.55;840
 91227.19;841
 91227.53;842
 91229.23;843
 91231.69;844
 91232.36;845
 91232.01;846
 91231.34;847
 91230.62;848
 91231.69;849
 91232.01;850
 91230.30;851
 91229.95;852
 91230.30;853
 91231.69;854
 91231.34;855
 91230.97;856
 91230.61;857
 91229.22;858
 91232.36;859
 91231.69;860
 91231.34;861
 91231.34;862
 91230.98;863
 91229.61;864
 91228.94;865
 91229.27;866
 91231.01;867
 91230.66;868
 91232.05;869
 91231.72;870
 91232.09;871
 91233.80;872
 91233.80;873
 91233.48;874
 91232.79;875
 91234.17;876
 91234.52;877
 91234.88;878
 91235.56;879
 91233.51;880
 91232.81;881
 91234.91;882
 91235.94;883
 91234.20;884
 91234.56;885
 91233.86;886
 91232.48;887
 91235.25;888
 91232.48;889
 91233.17;890
 91231.79;891
 91231.08;892
 91231.42;893
 91232.45;894
 91234.19;895
 91235.21;896
 91234.89;897
 91234.89;898
 91232.81;899
 91233.52;900
 91233.19;901
 91234.92;902
 91233.86;903
 91233.86;904
 91234.20;905
 91234.56;906
 91234.91;907
 91236.61;908
 91233.52;909
 91233.16;910
 91232.44;911
 91230.38;912
 91230.02;913
 91231.75;914
 91232.42;915
 91232.77;916
 91232.77;917
 91233.48;918
 91235.21;919
 91232.81;920
 91232.81;921
 91232.81;922
 91232.81;923
 91231.42;924
 91232.45;925
 91233.17;926
 91233.17;927
 91233.84;928
 91234.56;929
 91234.20;930
 91232.16;931
 91233.54;932
 91234.92;933
 91234.58;934
 91234.92;935
 91232.84;936
 91233.88;937
 91232.84;938
 91234.22;939
 91234.58;940
 91234.94;941
 91235.27;942
 91232.16;943
 91232.16;944
 91232.16;945
 91232.48;946
 91229.70;947
 91233.19;948
 91234.22;949
 91232.84;950
 91232.50;951
 91234.59;952
 91233.20;953
 91231.82;954
 91232.86;955
 91232.52;956
 91233.20;957
 91232.17;958
 91231.82;959
 91232.52;960
 91232.88;961
 91233.93;962
 91233.27;963
 91232.91;964
 91233.61;965
 91234.62;966
 91234.62;967
 91234.62;968
 91236.02;969
 91234.27;970
 91236.00;971
 91235.64;972
 91233.91;973
 91233.91;974
 91233.59;975
 91234.62;976
 91233.61;977
 91232.23;978
 91231.51;979
 91233.61;980
 91232.24;981
 91231.89;982
 91232.24;983
 91231.89;984
 91232.58;985
 91232.58;986
 91233.28;987
 91232.91;988
 91232.91;989
 91233.62;990
 91235.02;991
 91233.28;992
 91232.58;993
 91232.26;994
 91233.30;995
 91232.59;996
 91231.91;997
 91232.58;998
 91233.64;999
 91233.64;1000
 91235.05;1001
 91234.34;1002
 91233.31;1003
 91234.34;1004
 91232.61;1005
 91231.94;1006
 91231.94;1007
 91234.36;1008
 91234.02;1009
 91234.02;1010
 91233.00;1011
 91233.00;1012
 91233.00;1013
 91233.69;1014
 91233.34;1015
 91236.11;1016
 91234.73;1017
 91234.38;1018
 91234.03;1019
 91234.73;1020
 91235.77;1021
 91234.03;1022
 91232.65;1023
 91233.34;1024
 91234.36;1025
 91233.67;1026
 91231.58;1027
 91232.29;1028
 91234.71;1029
 91236.09;1030
 91237.13;1031
 91237.83;1032
 91234.71;1033
 91235.38;1034
 91239.52;1035
 91237.46;1036
 91237.46;1037
 91234.69;1038
 91236.42;1039
 91235.73;1040
 91237.48;1041
 91235.75;1042
 91234.71;1043
 91234.36;1044
 91234.71;1045
 91235.06;1046
 91234.34;1047
 91235.37;1048
 91236.75;1049
 91237.45;1050
 91235.71;1051
 91235.71;1052
 91235.71;1053
 91236.08;1054
 91235.73;1055
 91234.69;1056
 91235.05;1057
 91235.71;1058
 91236.06;1059
 91235.03;1060
 91236.41;1061
 91235.71;1062
 91234.69;1063
 91234.34;1064
 91235.73;1065
 91235.73;1066
 91235.38;1067
 91235.06;1068
 91235.75;1069
 91235.40;1070
 91234.02;1071
 91233.33;1072
 91234.00;1073
 91236.08;1074
 91236.08;1075
 91236.77;1076
 91238.13;1077
 91237.80;1078
 91236.06;1079
 91236.41;1080
 91235.70;1081
 91236.05;1082
 91235.34;1083
 91236.06;1084
 91237.09;1085
 91237.45;1086
 91238.83;1087
 91237.09;1088
 91238.13;1089
 91238.83;1090
 91238.13;1091
 91237.81;1092
 91238.13;1093
 91236.41;1094
 91238.11;1095
 91238.13;1096
 91237.45;1097
 91237.45;1098
 91239.18;1099
 91237.45;1100
 91237.80;1101
 91238.11;1102
 91237.08;1103
 91238.09;1104
 91237.41;1105
 91238.80;1106
 91238.09;1107
 91237.41;1108
 91236.70;1109
 91238.78;1110
 91237.75;1111
 91238.78;1112
 91238.80;1113
 91238.45;1114
 91238.45;1115
 91240.53;1116
 91239.81;1117
 91240.84;1118
 91239.45;1119
 91239.12;1120
 91238.06;1121
 91240.52;1122
 91240.15;1123
 91240.15;1124
 91239.11;1125
 91240.49;1126
 91239.44;1127
 91239.78;1128
 91240.81;1129
 91240.81;1130
 91240.81;1131
 91241.16;1132
 91240.13;1133
 91241.16;1134
 91239.45;1135
 91240.52;1136
 91240.16;1137
 91240.52;1138
 91240.49;1139
 91238.74;1140
 91239.78;1141
 91240.80;1142
 91239.08;1143
 91239.06;1144
 91239.73;1145
 91236.29;1146
 91239.75;1147
 91239.75;1148
 91239.08;1149
 91239.08;1150
 91240.11;1151
 91240.46;1152
 91240.11;1153
 91240.11;1154
 91241.15;1155
 91242.88;1156
 91241.84;1157
 91242.88;1158
 91241.86;1159
 91241.16;1160
 91241.53;1161
 91240.83;1162
 91238.78;1163
 91240.53;1164
 91239.48;1165
 91239.48;1166
 91239.48;1167
 91240.20;1168
 91240.87;1169
 91241.58;1170
 91241.58;1171
 91241.58;1172
 91240.18;1173
 91241.91;1174
 91240.87;1175
 91240.20;1176
 91239.50;1177
 91240.89;1178
 91240.89;1179
 91240.89;1180
 91239.84;1181
 91238.81;1182
 91240.20;1183
 91240.55;1184
 91240.87;1185
 91242.25;1186
 91241.22;1187
 91240.18;1188
 91241.91;1189
 91241.20;1190
 91240.52;1191
 91241.53;1192
 91241.53;1193
 91240.83;1194
 91239.81;1195
 91238.78;1196
 91239.12;1197
 91240.83;1198
 91241.90;1199
 91240.83;1200
 91240.16;1201
 91240.16;1202
 91238.78;1203
 91240.52;1204
 91241.55;1205
 91241.55;1206
 91240.52;1207
 91240.52;1208
 91240.84;1209
 91240.84;1210
 91241.55;1211
 91241.55;1212
 91242.23;1213
 91240.18;1214
 91241.56;1215
 91244.33;1216
 91244.33;1217
 91245.00;1218
 91243.28;1219
 91242.56;1220
 91243.27;1221
 91243.27;1222
 91242.55;1223
 91242.90;1224
 91242.19;1225
 91242.88;1226
 91240.46;1227
 91241.50;1228
 91240.48;1229
 91239.42;1230
 91239.77;1231
 91239.77;1232
 91242.19;1233
 91241.16;1234
 91240.81;1235
 91242.90;1236
 91242.19;1237
 91241.15;1238
 91240.80;1239
 91241.15;1240
 91241.52;1241
 91241.86;1242
 91242.19;1243
 91242.90;1244
 91243.94;1245
 91242.20;1246
 91242.20;1247
 91242.20;1248
 91242.92;1249
 91243.27;1250
 91242.92;1251
 91243.28;1252
 91244.69;1253
 91243.62;1254
 91243.97;1255
 91243.62;1256
 91241.56;1257
 91242.95;1258
 91243.30;1259
 91245.35;1260
 91244.31;1261
 91243.97;1262
 91244.69;1263
 91246.75;1264
 91246.75;1265
 91247.10;1266
 91245.72;1267
 91244.33;1268
 91245.00;1269
 91243.28;1270
 91243.95;1271
 91243.27;1272
 91243.59;1273
 91243.59;1274
 91243.94;1275
 91243.57;1276
 91243.92;1277
 91242.53;1278
 91242.88;1279
 91241.84;1280
 91244.27;1281
 91243.57;1282
 91242.19;1283
 91243.23;1284
 91244.27;1285
 91243.57;1286
 91243.57;1287
 91243.92;1288
 91243.57;1289
 91243.94;1290
 91242.56;1291
 91243.95;1292
 91243.95;1293
 91244.30;1294
 91245.69;1295
 91243.95;1296
 91244.30;1297
 91245.34;1298
 91243.97;1299
 91246.39;1300
 91245.35;1301
 91245.70;1302
 91247.45;1303
 91245.72;1304
 91243.31;1305
 91245.38;1306
 91245.02;1307
 91245.37;1308
 91243.63;1309
 91243.98;1310
 91245.72;1311
 91246.06;1312
 91245.00;1313
 91243.97;1314
 91243.97;1315
 91243.30;1316
 91243.62;1317
 91244.66;1318
 91244.98;1319
 91246.05;1320
 91247.09;1321
 91246.73;1322
 91246.06;1323
 91246.41;1324
 91246.42;1325
 91246.44;1326
 91245.77;1327
 91244.38;1328
 91244.73;1329
 91244.03;1330
 91245.07;1331
 91244.41;1332
 91243.69;1333
 91244.03;1334
 91244.38;1335
 91246.11;1336
 91243.67;1337
 91245.41;1338
 91244.02;1339
 91244.02;1340
 91246.09;1341
 91245.04;1342
 91243.31;1343
 91243.31;1344
 91244.33;1345
 91243.30;1346
 91243.62;1347
 91245.35;1348
 91245.00;1349
 91244.33;1350
 91245.37;1351
 91244.70;1352
 91245.02;1353
 91242.95;1354
 91243.62;1355
 91240.53;1356
 91241.22;1357
 91242.25;1358
 91242.97;1359
 91242.97;1360
 91244.70;1361
 91244.34;1362
 91246.08;1363
 91245.73;1364
 91246.09;1365
 91246.09;1366
 91246.09;1367
 91244.72;1368
 91244.37;1369
 91244.37;1370
 91245.04;1371
 91245.38;1372
 91246.77;1373
 91246.42;1374
 91246.42;1375
 91247.13;1376
 91247.50;1377
 91247.15;1378
 91248.19;1379
 91247.15;1380
 91245.77;1381
 91245.77;1382
 91245.77;1383
 91244.75;1384
 91245.44;1385
 91244.41;1386
 91244.41;1387
 91244.05;1388
 91244.41;1389
 91244.05;1390
 91244.05;1391
 91244.41;1392
 91245.78;1393
 91246.15;1394
 91245.81;1395
 91246.50;1396
 91247.56;1397
 91246.19;1398
 91244.09;1399
 91246.50;1400
 91244.80;1401
 91245.48;1402
 91244.47;1403
 91244.48;1404
 91244.48;1405
 91245.17;1406
 91245.88;1407
 91245.88;1408
 91247.62;1409
 91244.84;1410
 91245.17;1411
 91245.17;1412
 91244.13;1413
 91244.83;1414
 91244.47;1415
 91243.75;1416
 91243.06;1417
 91242.70;1418
 91242.34;1419
 91245.09;1420
 91245.44;1421
 91244.41;1422
 91246.45;1423
 91244.03;1424
 91244.73;1425
 91243.67;1426
 91244.37;1427
 91244.02;1428
 91244.73;1429
 91244.38;1430
 91244.75;1431
 91244.75;1432
 91244.38;1433
 91244.03;1434
 91244.73;1435
 91246.44;1436
 91246.11;1437
 91247.13;1438
 91244.72;1439
 91244.02;1440
 91243.33;1441
 91245.38;1442
 91246.41;1443
 91246.75;1444
 91246.41;1445
 91247.10;1446
 91246.75;1447
 91246.06;1448
 91246.73;1449
 91246.73;1450
 91246.39;1451
 91246.39;1452
 91246.39;1453
 91247.45;1454
 91246.39;1455
 91246.05;1456
 91247.09;1457
 91245.00;1458
 91246.06;1459
 91245.72;1460
 91247.10;1461
 91247.77;1462
 91248.12;1463
 91246.73;1464
 91249.16;1465
 91248.84;1466
 91248.48;1467
 91247.79;1468
 91247.79;1469
 91246.75;1470
 91245.73;1471
 91247.12;1472
 91245.73;1473
 91245.38;1474
 91247.80;1475
 91247.80;1476
 91247.13;1477
 91246.44;1478
 91245.42;1479
 91247.15;1480
 91247.50;1481
 91247.15;1482
 91246.80;1483
 91249.92;1484
 91248.88;1485
 91248.88;1486
 91249.20;1487
 91248.52;1488
 91248.87;1489
 91248.16;1490
 91248.52;1491
 91248.52;1492
 91248.52;1493
 91249.91;1494
 91247.83;1495
 91247.83;1496
 91246.80;1497
 91248.19;1498
 91247.84;1499
 91249.22;1500
 91250.95;1501
 91248.88;1502
 91250.27;1503
 91247.84;1504
 91248.55;1505
 91247.88;1506
 91245.81;1507
 91247.88;1508
 91249.25;1509
 91249.25;1510
 91249.61;1511
 91248.92;1512
 91248.20;1513
 91249.94;1514
 91249.59;1515
 91250.97;1516
 91250.97;1517
 91251.67;1518
 91247.84;1519
 91248.54;1520
 91247.83;1521
 91248.17;1522
 91247.83;1523
 91248.88;1524
 91249.55;1525
 91248.87;1526
 91247.80;1527
 91249.19;1528
 91248.87;1529
 91249.53;1530
 91248.85;1531
 91249.17;1532
 91248.14;1533
 91248.48;1534
 91248.14;1535
 91246.75;1536
 91247.47;1537
 91248.14;1538
 91249.88;1539
 91249.16;1540
 91249.50;1541
 91248.12;1542
 91248.47;1543
 91247.44;1544
 91247.75;1545
 91248.10;1546
 91248.10;1547
 91248.47;1548
 91247.45;1549
 91247.45;1550
 91247.79;1551
 91248.16;1552
 91248.87;1553
 91248.52;1554
 91248.52;1555
 91246.79;1556
 91247.83;1557
 91248.17;1558
 91249.55;1559
 91249.92;1560
 91249.22;1561
 91248.19;1562
 91250.27;1563
 91249.92;1564
 91251.30;1565
 91249.92;1566
 91249.92;1567
 91248.88;1568
 91248.88;1569
 91249.92;1570
 91249.58;1571
 91250.27;1572
 91249.92;1573
 91252.34;1574
 91250.95;1575
 91249.92;1576
 91250.27;1577
 91248.52;1578
 91248.52;1579
 91249.55;1580
 91249.55;1581
 91249.91;1582
 91249.91;1583
 91249.91;1584
 91248.52;1585
 91247.80;1586
 91248.87;1587
 91249.53;1588
 91251.27;1589
 91250.92;1590
 91251.64;1591
 91248.52;1592
 91249.55;1593
 91249.20;1594
 91249.92;1595
 91249.94;1596
 91250.62;1597
 91252.72;1598
 91250.98;1599
 91250.98;1600
 91253.41;1601
 91252.02;1602
 91252.38;1603
 91251.36;1604
 91252.04;1605
 91252.75;1606
 91251.73;1607
 91251.73;1608
 91250.00;1609
 91249.31;1610
 91251.73;1611
 91254.14;1612
 91254.12;1613
 91254.12;1614
 91253.42;1615
 91252.73;1616
 91254.47;1617
 91254.12;1618
 91252.39;1619
 91253.77;1620
 91253.42;1621
 91254.48;1622
 91254.48;1623
 91253.77;1624
 91253.42;1625
 91252.39;1626
 91252.39;1627
 91251.00;1628
 91251.00;1629
 91251.70;1630
 91254.12;1631
 91253.42;1632
 91253.42;1633
 91253.44;1634
 91253.44;1635
 91255.19;1636
 91253.45;1637
 91252.77;1638
 91253.12;1639
 91251.38;1640
 91253.11;1641
 91253.11;1642
 91252.75;1643
 91252.06;1644
 91253.12;1645
 91252.41;1646
 91253.12;1647
 91254.16;1648
 91255.19;1649
 91251.03;1650
 91252.06;1651
 91252.41;1652
 91252.41;1653
 91253.12;1654
 91254.84;1655
 91254.17;1656
 91253.14;1657
 91255.55;1658
 91256.59;1659
 91256.59;1660
 91256.24;1661
 91255.92;1662
 91255.92;1663
 91254.53;1664
 91253.52;1665
 91254.90;1666
 91254.90;1667
 91254.55;1668
 91253.17;1669
 91254.20;1670
 91254.20;1671
 91253.52;1672
 91255.58;1673
 91255.94;1674
 91255.23;1675
 91254.94;1676
 91255.27;1677
 91256.66;1678
 91254.60;1679
 91254.60;1680
 91255.28;1681
 91255.66;1682
 91255.30;1683
 91256.69;1684
 91256.02;1685
 91254.63;1686
 91252.90;1687
 91254.63;1688
 91255.32;1689
 91253.61;1690
 91253.94;1691
 91255.32;1692
 91253.94;1693
 91254.28;1694
 91255.32;1695
 91255.67;1696
 91256.37;1697
 91256.02;1698
 91256.37;1699
 91256.37;1700
 91254.97;1701
 91255.28;1702
 91253.91;1703
 91253.89;1704
 91254.95;1705
 91254.95;1706
 91254.95;1707
 91254.94;1708
 91254.22;1709
 91255.95;1710
 91254.57;1711
 91255.23;1712
 91256.30;1713
 91256.30;1714
 91255.95;1715
 91256.62;1716
 91255.23;1717
 91255.94;1718
 91256.61;1719
 91254.90;1720
 91254.55;1721
 91256.28;1722
 91254.90;1723
 91255.94;1724
 91256.61;1725
 91255.58;1726
 91255.22;1727
 91256.61;1728
 91256.61;1729
 91256.95;1730
 91257.99;1731
 91258.36;1732
 91256.97;1733
 91258.01;1734
 91259.06;1735
 91259.06;1736
 91259.06;1737
 91258.38;1738
 91258.02;1739
 91257.70;1740
 91258.02;1741
 91257.36;1742
 91257.36;1743
 91256.66;1744
 91256.34;1745
 91254.60;1746
 91253.92;1747
 91254.98;1748
 91254.28;1749
 91254.63;1750
 91257.05;1751
 91256.02;1752
 91255.30;1753
 91255.66;1754
 91257.03;1755
 91257.39;1756
 91258.05;1757
 91257.72;1758
 91258.39;1759
 91257.00;1760
 91258.39;1761
 91258.41;1762
 91258.41;1763
 91256.35;1764
 91257.39;1765
 91258.07;1766
 91258.77;1767
 91258.05;1768
 91259.79;1769
 91258.75;1770
 91259.77;1771
 91256.66;1772
 91255.64;1773
 91257.02;1774
 91255.28;1775
 91256.00;1776
 91257.41;1777
 91256.70;1778
 91257.05;1779
 91256.02;1780
 91258.44;1781
 91258.78;1782
 91258.07;1783
 91258.77;1784
 91258.41;1785
 91257.38;1786
 91255.98;1787
 91258.04;1788
 91255.64;1789
 91254.95;1790
 91255.27;1791
 91254.23;1792
 91255.97;1793
 91257.00;1794
 91257.00;1795
 91257.02;1796
 91257.73;1797
 91257.39;1798
 91254.98;1799
 91257.05;1800
 91256.38;1801
 91255.69;1802
 91256.05;1803
 91259.50;1804
 91257.45;1805
 91259.18;1806
 91257.80;1807
 91258.47;1808
 91258.81;1809
 91257.44;1810
 91257.44;1811
 91258.11;1812
 91258.11;1813
 91257.06;1814
 91257.42;1815
 91256.70;1816
 91257.41;1817
 91258.78;1818
 91259.82;1819
 91259.13;1820
 91258.78;1821
 91258.44;1822
 91258.09;1823
 91259.82;1824
 91259.13;1825
 91260.17;1826
 91261.20;1827
 91260.86;1828
 91260.19;1829
 91260.55;1830
 91260.88;1831
 91262.61;1832
 91261.22;1833
 91258.11;1834
 91258.11;1835
 91259.16;1836
 91258.81;1837
 91258.81;1838
 91259.16;1839
 91257.78;1840
 91259.48;1841
 91259.48;1842
 91259.84;1843
 91260.19;1844
 91259.15;1845
 91259.15;1846
 91260.19;1847
 91259.15;1848
 91258.80;1849
 91257.77;1850
 91258.80;1851
 91259.47;1852
 91260.53;1853
 91258.45;1854
 91257.77;1855
 91259.82;1856
 91260.17;1857
 91260.17;1858
 91260.17;1859
 91260.86;1860
 91259.48;1861
 91261.56;1862
 91258.80;1863
 91259.15;1864
 91259.82;1865
 91258.78;1866
 91258.78;1867
 91260.17;1868
 91260.52;1869
 91259.13;1870
 91260.17;1871
 91260.17;1872
 91258.80;1873
 91262.24;1874
 91260.86;1875
 91261.55;1876
 91260.84;1877
 91261.91;1878
 91260.86;1879
 91262.24;1880
 91260.86;1881
 91260.53;1882
 91260.88;1883
 91260.55;1884
 91259.48;1885
 91259.84;1886
 91258.80;1887
 91260.86;1888
 91261.20;1889
 91261.55;1890
 91261.55;1891
 91259.13;1892
 91260.17;1893
 91260.84;1894
 91260.84;1895
 91261.19;1896
 91261.19;1897
 91261.91;1898
 91260.17;1899
 91260.84;1900
 91262.57;1901
 91261.53;1902
 91261.52;1903
 91262.19;1904
 91261.50;1905
 91261.86;1906
 91261.50;1907
 91263.23;1908
 91262.88;1909
 91261.12;1910
 91258.70;1911
 91258.01;1912
 91258.38;1913
 91261.48;1914
 91260.45;1915
 91261.84;1916
 91263.22;1917
 91262.16;1918
 91262.86;1919
 91262.51;1920
 91262.16;1921
 91261.84;1922
 91262.86;1923
 91263.20;1924
 91262.86;1925
 91261.84;1926
 91261.14;1927
 91263.56;1928
 91264.27;1929
 91263.23;1930
 91264.27;1931
 91264.27;1932
 91263.56;1933
 91262.52;1934
 91262.52;1935
 91262.88;1936
 91262.88;1937
 91264.92;1938
 91264.92;1939
 91265.30;1940
 91263.56;1941
 91262.52;1942
 91262.88;1943
 91262.88;1944
 91264.62;1945
 91261.50;1946
 91261.86;1947
 91261.50;1948
 91261.16;1949
 91261.16;1950
 91263.58;1951
 91263.92;1952
 91262.54;1953
 91263.92;1954
 91264.27;1955
 91262.89;1956
 91262.54;1957
 91260.48;1958
 91261.52;1959
 91262.19;1960
 91262.19;1961
 91262.91;1962
 91262.20;1963
 91262.20;1964
 91262.92;1965
 91262.23;1966
 91262.94;1967
 91263.30;1968
 91263.30;1969
 91264.34;1970
 91263.64;1971
 91262.61;1972
 91263.64;1973
 91263.64;1974
 91264.70;1975
 91263.98;1976
 91263.98;1977
 91264.70;1978
 91264.70;1979
 91263.31;1980
 91264.00;1981
 91263.33;1982
 91263.67;1983
 91265.05;1984
 91265.05;1985
 91265.41;1986
 91263.67;1987
 91265.07;1988
 91264.40;1989
 91265.09;1990
 91266.81;1991
 91265.44;1992
 91266.13;1993
 91266.81;1994
 91266.47;1995
 91263.02;1996
 91264.03;1997
 91264.73;1998
 91264.73;1999
 91266.12;2000
 91266.45;2001
 91265.44;2002
 91264.77;2003
 91263.72;2004
 91263.72;2005
 91263.40;2006
 91264.43;2007
 91265.47;2008
 91266.18;2009
 91265.12;2010
 91262.71;2011
 91262.71;2012
 91265.13;2013
 91264.46;2014
 91264.12;2015
 91265.84;2016
 91264.46;2017
 91264.81;2018
 91266.20;2019
 91266.20;2020
 91266.20;2021
 91266.52;2022
 91266.87;2023
 91264.09;2024
 91263.75;2025
 91266.20;2026
 91264.12;2027
 91266.52;2028
 91266.87;2029
 91266.87;2030
 91266.52;2031
 91265.48;2032
 91265.83;2033
 91266.20;2034
 91267.92;2035
 91267.59;2036
 91266.21;2037
 91266.21;2038
 91266.53;2039
 91266.53;2040
 91268.27;2041
 91267.23;2042
 91267.58;2043
 91268.25;2044
 91265.13;2045
 91265.13;2046
 91267.22;2047
 91265.48;2048
 91264.09;2049
 91265.13;2050
 91265.83;2051
 91266.87;2052
 91267.56;2053
 91266.84;2054
 91267.20;2055
 91267.20;2056
 91269.27;2057
 91266.87;2058
 91267.56;2059
 91267.89;2060
 91266.84;2061
 91267.20;2062
 91267.20;2063
 91266.48;2064
 91266.15;2065
 91265.09;2066
 91266.81;2067
 91266.13;2068
 91267.17;2069
 91267.52;2070
 91267.52;2071
 91266.81;2072
 91267.52;2073
 91266.45;2074
 91266.45;2075
 91266.81;2076
 91267.17;2077
 91267.17;2078
 91266.80;2079
 91268.19;2080
 91267.50;2081
 91267.82;2082
 91268.53;2083
 91268.19;2084
 91269.22;2085
 91267.84;2086
 91267.52;2087
 91266.81;2088
 91267.17;2089
 91267.85;2090
 91268.22;2091
 91268.93;2092
 91268.22;2093
 91268.22;2094
 91267.19;2095
 91267.53;2096
 91267.53;2097
 91268.20;2098
 91268.92;2099
 91270.64;2100
 91270.31;2101
 91270.31;2102
 91268.58;2103
 91268.58;2104
 91268.95;2105
 91268.59;2106
 91268.27;2107
 91267.92;2108
 91268.27;2109
 91268.61;2110
 91270.67;2111
 91268.25;2112
 91266.87;2113
 91268.96;2114
 91269.30;2115
 91270.02;2116
 91268.98;2117
 91268.98;2118
 91267.61;2119
 91267.93;2120
 91267.25;2121
 91266.90;2122
 91267.93;2123
 91267.93;2124
 91267.25;2125
 91269.31;2126
 91269.00;2127
 91271.40;2128
 91269.30;2129
 91268.63;2130
 91266.55;2131
 91267.27;2132
 91266.56;2133
 91268.30;2134
 91267.61;2135
 91269.00;2136
 91269.66;2137
 91269.00;2138
 91268.64;2139
 91268.64;2140
 91271.05;2141
 91271.05;2142
 91268.63;2143
 91268.63;2144
 91271.03;2145
 91271.38;2146
 91268.96;2147
 91269.65;2148
 91270.36;2149
 91268.63;2150
 91269.30;2151
 91269.65;2152
 91271.73;2153
 91270.34;2154
 91270.00;2155
 91268.61;2156
 91268.25;2157
 91269.98;2158
 91269.27;2159
 91269.62;2160
 91269.27;2161
 91269.98;2162
 91271.02;2163
 91269.62;2164
 91270.64;2165
 91270.98;2166
 91268.92;2167
 91267.19;2168
 91270.30;2169
 91270.62;2170
 91270.62;2171
 91269.60;2172
 91269.95;2173
 91269.95;2174
 91270.64;2175
 91270.31;2176
 91269.62;2177
 91268.23;2178
 91267.89;2179
 91268.23;2180
 91268.93;2181
 91269.25;2182
 91270.64;2183
 91270.31;2184
 91270.31;2185
 91272.37;2186
 91269.59;2187
 91271.32;2188
 91269.94;2189
 91269.94;2190
 91269.94;2191
 91269.22;2192
 91269.57;2193
 91268.19;2194
 91268.19;2195
 91268.19;2196
 91269.22;2197
 91268.19;2198
 91268.53;2199
 91268.53;2200
 91267.84;2201
 91267.84;2202
 91270.61;2203
 91268.53;2204
 91270.59;2205
 91269.55;2206
 91269.20;2207
 91269.20;2208
 91267.82;2209
 91269.19;2210
 91268.50;2211
 91268.85;2212
 91268.85;2213
 91268.16;2214
 91267.80;2215
 91269.19;2216
 91270.25;2217
 91269.91;2218
 91269.55;2219
 91270.94;2220
 91270.94;2221
 91271.64;2222
 91270.59;2223
 91271.97;2224
 91272.67;2225
 91273.34;2226
 91272.31;2227
 91271.27;2228
 91273.00;2229
 91273.02;2230
 91270.59;2231
 91271.97;2232
 91272.33;2233
 91271.95;2234
 91270.58;2235
 91270.58;2236
 91270.58;2237
 91271.95;2238
 91271.95;2239
 91271.62;2240
 91272.31;2241
 91272.66;2242
 91272.66;2243
 91271.27;2244
 91272.66;2245
 91272.66;2246
 91272.66;2247
 91272.31;2248
 91271.27;2249
 91269.54;2250
 91269.54;2251
 91271.95;2252
 91271.64;2253
 91271.97;2254
 91270.59;2255
 91271.66;2256
 91272.34;2257
 91273.72;2258
 91272.34;2259
 91273.36;2260
 91271.97;2261
 91271.29;2262
 91271.64;2263
 91270.92;2264
 91270.58;2265
 91270.92;2266
 91271.95;2267
 91274.04;2268
 91273.69;2269
 91273.00;2270
 91273.00;2271
 91272.66;2272
 91271.62;2273
 91273.00;2274
 91273.33;2275
 91271.92;2276
 91271.92;2277
 91271.61;2278
 91272.30;2279
 91271.27;2280
 91272.66;2281
 91272.66;2282
 91270.58;2283
 91271.29;2284
 91270.59;2285
 91270.59;2286
 91274.07;2287
 91272.34;2288
 91272.69;2289
 91273.38;2290
 91275.11;2291
 91275.45;2292
 91274.74;2293
 91273.70;2294
 91274.05;2295
 91275.79;2296
 91274.73;2297
 91275.08;2298
 91273.00;2299
 91271.94;2300
 91271.94;2301
 91271.94;2302
 91273.33;2303
 91273.67;2304
 91270.56;2305
 91271.61;2306
 91270.22;2307
 91271.61;2308
 91271.26;2309
 91272.64;2310
 91271.61;2311
 91272.28;2312
 91274.01;2313
 91273.31;2314
 91272.64;2315
 91274.71;2316
 91274.39;2317
 91273.33;2318
 91274.03;2319
 91272.30;2320
 91271.62;2321
 91272.31;2322
 91274.04;2323
 91273.00;2324
 91272.30;2325
 91274.70;2326
 91275.39;2327
 91275.39;2328
 91275.73;2329
 91274.36;2330
 91272.97;2331
 91273.30;2332
 91275.73;2333
 91276.06;2334
 91274.36;2335
 91275.39;2336
 91275.41;2337
 91276.09;2338
 91275.77;2339
 91275.42;2340
 91274.04;2341
 91275.08;2342
 91274.04;2343
 91276.45;2344
 91276.09;2345
 91276.09;2346
 91277.16;2347
 91275.42;2348
 91273.34;2349
 91273.69;2350
 91275.42;2351
 91274.04;2352
 91275.77;2353
 91274.71;2354
 91275.41;2355
 91274.38;2356
 91274.03;2357
 91275.75;2358
 91276.43;2359
 91274.01;2360
 91274.68;2361
 91275.38;2362
 91275.72;2363
 91276.05;2364
 91277.80;2365
 91276.41;2366
 91275.73;2367
 91275.73;2368
 91275.73;2369
 91277.11;2370
 91276.74;2371
 91276.03;2372
 91276.03;2373
 91277.42;2374
 91277.09;2375
 91277.09;2376
 91276.73;2377
 91277.08;2378
 91275.70;2379
 91274.31;2380
 91273.61;2381
 91273.96;2382
 91273.96;2383
 91274.33;2384
 91275.02;2385
 91274.34;2386
 91275.73;2387
 91276.43;2388
 91278.16;2389
 91275.73;2390
 91276.41;2391
 91276.76;2392
 91276.06;2393
 91275.39;2394
 91277.46;2395
 91277.14;2396
 91277.14;2397
 91278.84;2398
 91279.20;2399
 91276.08;2400
 91276.08;2401
 91278.16;2402
 91277.45;2403
 91278.14;2404
 91278.49;2405
 91278.49;2406
 91279.16;2407
 91278.48;2408
 91279.16;2409
 91277.80;2410
 91278.83;2411
 91279.20;2412
 91278.84;2413
 91279.20;2414
 91279.89;2415
 91279.53;2416
 91278.49;2417
 91279.88;2418
 91279.18;2419
 91278.14;2420
 91278.83;2421
 91278.51;2422
 91278.51;2423
 91279.55;2424
 91278.51;2425
 91280.22;2426
 91280.93;2427
 91279.89;2428
 91278.52;2429
 91279.91;2430
 91279.91;2431
 91279.91;2432
 91278.52;2433
 91277.81;2434
 91278.51;2435
 91278.84;2436
 91280.23;2437
 91280.93;2438
 91278.51;2439
 91278.83;2440
 91279.55;2441
 91277.46;2442
 91278.84;2443
 91278.16;2444
 91278.51;2445
 91279.55;2446
 91278.84;2447
 91280.25;2448
 91279.58;2449
 91279.94;2450
 91279.24;2451
 91279.95;2452
 91277.86;2453
 91278.20;2454
 91279.59;2455
 91278.20;2456
 91279.24;2457
 91278.56;2458
 91279.59;2459
 91278.20;2460
 91279.59;2461
 91278.88;2462
 91276.45;2463
 91278.55;2464
 91279.56;2465
 91280.58;2466
 91278.17;2467
 91279.21;2468
 91279.91;2469
 91279.91;2470
 91279.56;2471
 91280.59;2472
 91279.21;2473
 91280.95;2474
 91279.91;2475
 91279.21;2476
 91278.86;2477
 91280.95;2478
 91280.95;2479
 91279.91;2480
 91281.98;2481
 91280.59;2482
 91281.62;2483
 91279.92;2484
 91279.58;2485
 91280.61;2486
 91282.01;2487
 91281.34;2488
 91282.02;2489
 91280.66;2490
 91280.67;2491
 91280.33;2492
 91281.02;2493
 91283.79;2494
 91282.41;2495
 91280.67;2496
 91282.41;2497
 91282.41;2498
 91282.75;2499
 91281.38;2500
 91282.75;2501
 91280.31;2502
 91282.04;2503
 91280.30;2504
 91281.34;2505
 91282.72;2506
 91282.38;2507
 91280.28;2508
 91281.33;2509
 91283.38;2510
 91283.38;2511
 91283.73;2512
 91281.99;2513
 91281.99;2514
 91283.03;2515
 91282.36;2516
 91281.33;2517
 91282.70;2518
 91281.64;2519
 91283.03;2520
 91282.70;2521
 91284.09;2522
 91282.70;2523
 91280.61;2524
 91280.96;2525
 91279.92;2526
 91281.31;2527
 91281.31;2528
 91281.62;2529
 91281.62;2530
 91279.92;2531
 91279.58;2532
 91281.62;2533
 91280.59;2534
 91280.95;2535
 91284.06;2536
 91285.09;2537
 91282.33;2538
 91282.68;2539
 91284.06;2540
 91282.31;2541
 91282.66;2542
 91281.97;2543
 91280.93;2544
 91282.66;2545
 91281.59;2546
 91281.95;2547
 91283.33;2548
 91282.98;2549
 91281.95;2550
 91281.95;2551
 91282.31;2552
 91283.70;2553
 91284.73;2554
 91283.70;2555
 91282.31;2556
 91283.70;2557
 91283.00;2558
 91281.29;2559
 91282.33;2560
 91280.59;2561
 91281.62;2562
 91282.69;2563
 91283.73;2564
 91284.77;2565
 91284.77;2566
 91281.64;2567
 91281.64;2568
 91281.33;2569
 91284.77;2570
 91282.69;2571
 91283.02;2572
 91282.69;2573
 91283.03;2574
 91284.78;2575
 91283.39;2576
 91284.78;2577
 91284.11;2578
 91283.41;2579
 91283.06;2580
 91284.12;2581
 91285.50;2582
 91284.80;2583
 91285.49;2584
 91284.42;2585
 91283.76;2586
 91285.14;2587
 91284.12;2588
 91284.12;2589
 91282.39;2590
 91284.81;2591
 91283.79;2592
 91284.16;2593
 91284.17;2594
 91283.12;2595
 91282.80;2596
 91283.47;2597
 91284.49;2598
 91282.42;2599
 91282.77;2600
 91282.77;2601
 91282.42;2602
 91283.80;2603
 91282.77;2604
 91282.75;2605
 91283.08;2606
 91282.04;2607
 91282.04;2608
 91282.41;2609
 91284.14;2610
 91285.84;2611
 91283.08;2612
 91283.42;2613
 91283.42;2614
 91283.08;2615
 91282.41;2616
 91282.75;2617
 91283.77;2618
 91285.50;2619
 91284.46;2620
 91285.86;2621
 91284.16;2622
 91283.44;2623
 91284.14;2624
 91285.16;2625
 91284.81;2626
 91285.16;2627
 91283.77;2628
 91285.84;2629
 91286.20;2630
 91285.50;2631
 91285.14;2632
 91284.11;2633
 91283.05;2634
 91285.14;2635
 91283.77;2636
 91283.77;2637
 91281.68;2638
 91282.73;2639
 91283.42;2640
 91282.75;2641
 91284.14;2642
 91283.79;2643
 91283.09;2644
 91281.38;2645
 91282.42;2646
 91285.53;2647
 91283.44;2648
 91285.84;2649
 91284.14;2650
 91286.20;2651
 91284.46;2652
 91284.46;2653
 91283.77;2654
 91284.81;2655
 91284.46;2656
 91283.79;2657
 91284.16;2658
 91283.45;2659
 91283.11;2660
 91282.42;2661
 91284.48;2662
 91285.19;2663
 91285.88;2664
 91286.58;2665
 91285.88;2666
 91286.23;2667
 91286.23;2668
 91285.22;2669
 91284.20;2670
 91286.27;2671
 91285.25;2672
 91285.94;2673
 91285.61;2674
 91285.94;2675
 91286.28;2676
 91285.25;2677
 91285.59;2678
 91284.53;2679
 91284.88;2680
 91283.50;2681
 91284.88;2682
 91285.58;2683
 91285.89;2684
 91285.20;2685
 91284.49;2686
 91283.45;2687
 91283.80;2688
 91283.80;2689
 91283.80;2690
 91283.80;2691
 91282.08;2692
 91283.80;2693
 91285.19;2694
 91285.19;2695
 91286.20;2696
 91286.20;2697
 91284.83;2698
 91284.46;2699
 91285.16;2700
 91285.83;2701
 91286.52;2702
 91287.91;2703
 91285.50;2704
 91285.50;2705
 91285.50;2706
 91284.81;2707
 91284.80;2708
 91286.17;2709
 91285.50;2710
 91285.16;2711
 91285.84;2712
 91285.84;2713
 91286.91;2714
 91287.23;2715
 91287.92;2716
 91290.33;2717
 91290.33;2718
 91288.94;2719
 91287.58;2720
 91287.58;2721
 91286.55;2722
 91287.59;2723
 91287.61;2724
 91286.94;2725
 91286.60;2726
 91288.67;2727
 91285.58;2728
 91288.67;2729
 91287.98;2730
 91287.97;2731
 91285.88;2732
 91287.26;2733
 91287.61;2734
 91286.58;2735
 91287.26;2736
 91288.31;2737
 91287.97;2738
 91287.97;2739
 91286.94;2740
 91286.94;2741
 91285.88;2742
 91286.22;2743
 91285.88;2744
 91284.86;2745
 91285.89;2746
 91287.62;2747
 91288.66;2748
 91285.57;2749
 91286.95;2750
 91285.91;2751
 91286.60;2752
 91286.60;2753
 91286.25;2754
 91287.29;2755
 91289.73;2756
 91289.73;2757
 91289.39;2758
 91288.00;2759
 91286.97;2760
 91286.97;2761
 91287.29;2762
 91288.00;2763
 91289.03;2764
 91288.02;2765
 91288.70;2766
 91288.02;2767
 91289.05;2768
 91287.67;2769
 91288.38;2770
 91290.80;2771
 91289.05;2772
 91288.69;2773
 91286.27;2774
 91287.29;2775
 91286.25;2776
 91285.89;2777
 91285.89;2778
 91287.98;2779
 91286.60;2780
 91287.97;2781
 91287.26;2782
 91286.58;2783
 91286.92;2784
 91286.20;2785
 91287.23;2786
 91286.91;2787
 91286.55;2788
 91286.20;2789
 91286.55;2790
 91288.29;2791
 91286.91;2792
 91288.30;2793
 91288.99;2794
 91288.99;2795
 91290.02;2796
 91288.61;2797
 91288.61;2798
 91287.92;2799
 91289.66;2800
 91287.58;2801
 91287.58;2802
 91288.96;2803
 91290.34;2804
 91289.31;2805
 91290.34;2806
 91289.32;2807
 91288.98;2808
 91289.69;2809
 91290.02;2810
 91288.30;2811
 91291.39;2812
 91292.11;2813
 91292.11;2814
 91291.07;2815
 91291.05;2816
 91291.38;2817
 91289.67;2818
 91288.98;2819
 91287.24;2820
 91287.59;2821
 91288.62;2822
 91289.69;2823
 91288.98;2824
 91290.36;2825
 91289.69;2826
 91291.07;2827
 91289.69;2828
 91288.99;2829
 91287.95;2830
 91289.34;2831
 91289.34;2832
 91291.41;2833
 91290.38;2834
 91289.69;2835
 91288.98;2836
 91287.94;2837
 91288.30;2838
 91290.02;2839
 91288.31;2840
 91289.36;2841
 91291.11;2842
 91288.67;2843
 91288.35;2844
 91289.39;2845
 91292.84;2846
 91291.13;2847
 91290.07;2848
 91288.69;2849
 91288.00;2850
 91289.03;2851
 91291.45;2852
 91292.17;2853
 91291.81;2854
 91290.44;2855
 91289.40;2856
 91290.78;2857
 91292.17;2858
 91292.84;2859
 91291.80;2860
 91292.16;2861
 91294.92;2862
 91293.19;2863
 91292.50;2864
 91292.14;2865
 91291.77;2866
 91293.16;2867
 91291.11;2868
 91289.38;2869
 91291.42;2870
 91292.12;2871
 91291.42;2872
 91289.38;2873
 91294.19;2874
 91291.42;2875
 91292.81;2876
 91292.81;2877
 91292.81;2878
 91293.88;2879
 91293.17;2880
 91291.79;2881
 91293.17;2882
 91295.25;2883
 91294.91;2884
 91292.48;2885
 91291.77;2886
 91291.09;2887
 91290.73;2888
 91291.77;2889
 91291.09;2890
 91291.41;2891
 91290.02;2892
 91289.70;2893
 91291.09;2894
 91291.09;2895
 91291.77;2896
 91292.81;2897
 91293.16;2898
 91293.51;2899
 91295.92;2900
 91295.58;2901
 91293.16;2902
 91292.81;2903
 91293.16;2904
 91293.17;2905
 91293.89;2906
 91294.20;2907
 91293.89;2908
 91293.89;2909
 91292.50;2910
 91292.82;2911
 91294.20;2912
 91295.94;2913
 91293.17;2914
 91293.88;2915
 91293.16;2916
 91293.86;2917
 91294.53;2918
 91292.80;2919
 91293.86;2920
 91294.53;2921
 91292.78;2922
 91294.52;2923
 91294.15;2924
 91293.11;2925
 91293.81;2926
 91293.09;2927
 91294.83;2928
 91293.81;2929
 91293.83;2930
 91293.84;2931
 91295.23;2932
 91295.92;2933
 91295.92;2934
 91295.56;2935
 91293.14;2936
 91292.80;2937
 91293.86;2938
 91291.09;2939
 91294.17;2940
 91292.12;2941
 91292.81;2942
 91292.14;2943
 91293.52;2944
 91293.88;2945
 91292.48;2946
 91293.89;2947
 91293.53;2948
 91293.89;2949
 91296.29;2950
 91295.94;2951
 91294.55;2952
 91294.20;2953
 91296.30;2954
 91293.53;2955
 91293.53;2956
 91294.57;2957
 91296.67;2958
 91296.67;2959
 91296.31;2960
 91294.57;2961
 91295.61;2962
 91297.34;2963
 91299.07;2964
 91299.42;2965
 91300.44;2966
 91300.44;2967
 91296.64;2968
 91298.69;2969
 91295.92;2970
 91295.23;2971
 91296.26;2972
 91294.86;2973
 91294.84;2974
 91295.19;2975
 91294.13;2976
 91293.80;2977
 91294.12;2978
 91294.81;2979
 91294.10;2980
 91293.43;2981
 91294.81;2982
 91293.80;2983
 91294.13;2984
 91295.52;2985
 91296.21;2986
 91296.56;2987
 91296.88;2988
 91296.20;2989
 91297.22;2990
 91296.18;2991
 91295.83;2992
 91295.83;2993
 91295.83;2994
 91296.18;2995
 91297.22;2996
 91296.88;2997
 91295.48;2998
 91296.18;2999
 91296.85;3000
 91297.20;3001
 91295.47;3002
 91296.53;3003
 91296.18;3004
 91295.15;3005
 91295.47;3006
 91295.81;3007
 91295.81;3008
 91295.47;3009
 91295.15;3010
 91295.15;3011
 91295.47;3012
 91295.47;3013
 91296.85;3014
 91298.94;3015
 91297.19;3016
 91297.53;3017
 91298.57;3018
 91297.53;3019
 91297.89;3020
 91298.92;3021
 91298.92;3022
 91299.27;3023
 91297.19;3024
 91297.19;3025
 91297.19;3026
 91295.78;3027
 91298.19;3028
 91299.25;3029
 91299.59;3030
 91298.55;3031
 91298.55;3032
 91299.27;3033
 91299.95;3034
 91298.57;3035
 91299.60;3036
 91298.94;3037
 91298.59;3038
 91298.94;3039
 91298.22;3040
 91296.16;3041
 91296.16;3042
 91299.27;3043
 91299.59;3044
 91303.05;3045
 91300.29;3046
 91298.20;3047
 91298.20;3048
 91298.92;3049
 91299.27;3050
 91298.92;3051
 91298.20;3052
 91299.59;3053
 91300.29;3054
 91299.94;3055
 91298.55;3056
 91299.25;3057
 91300.95;3058
 91300.27;3059
 91300.27;3060
 91301.30;3061
 91300.26;3062
 91298.88;3063
 91297.84;3064
 91299.22;3065
 91297.12;3066
 91297.47;3067
 91298.86;3068
 91298.86;3069
 91300.59;3070
 91298.86;3071
 91299.20;3072
 91298.16;3073
 91298.88;3074
 91297.49;3075
 91299.91;3076
 91300.26;3077
 91298.88;3078
 91299.89;3079
 91298.12;3080
 91300.20;3081
 91300.53;3082
 91299.84;3083
 91300.86;3084
 91300.16;3085
 91302.22;3086
 91301.53;3087
 91300.48;3088
 91299.47;3089
 91298.81;3090
 91298.48;3091
 91299.89;3092
 91298.52;3093
 91299.56;3094
 91299.58;3095
 91298.92;3096
 91300.31;3097
 91301.01;3098
 91300.33;3099
 91301.73;3100
 91301.40;3101
 91302.12;3102
 91301.80;3103
 91304.23;3104
 91304.95;3105
 91302.89;3106
 91303.25;3107
 91302.25;3108
 91302.27;3109
 91303.28;3110
 91302.95;3111
 91304.03;3112
 91303.69;3113
 91304.05;3114
 91304.07;3115
 91302.35;3116
 91302.72;3117
 91302.73;3118
 91302.77;3119
 91302.77;3120
 91303.47;3121
 91303.48;3122
 91303.86;3123
 91303.88;3124
 91303.20;3125
 91302.52;3126
 91302.17;3127
 91302.19;3128
 91302.20;3129
 91303.59;3130
 91302.58;3131
 91303.98;3132
 91304.34;3133
 91302.97;3134
 91303.34;3135
 91302.65;3136
 91303.36;3137
 91304.39;3138
 91305.08;3139
 91304.41;3140
 91304.41;3141
 91303.03;3142
 91304.77;3143
 91305.45;3144
 91304.80;3145
 91306.19;3146
 91305.17;3147
 91303.09;3148
 91303.45;3149
 91302.77;3150
 91304.16;3151
 91302.45;3152
 91303.83;3153
 91305.88;3154
 91304.84;3155
 91306.23;3156
 91306.23;3157
 91305.20;3158
 91304.84;3159
 91304.52;3160
 91304.53;3161
 91304.55;3162
 91304.92;3163
 91302.84;3164
 91301.83;3165
 91302.55;3166
 91301.19;3167
 91302.91;3168
 91303.62;3169
 91303.64;3170
 91304.00;3171
 91302.95;3172
 91303.66;3173
 91303.67;3174
 91304.39;3175
 91303.34;3176
 91303.02;3177
 91303.35;3178
 91304.06;3179
 91304.75;3180
 91302.70;3181
 91305.11;3182
 91303.73;3183
 91304.10;3184
 91305.15;3185
 91305.86;3186
 91306.55;3187
 91306.20;3188
 91305.53;3189
 91305.19;3190
 91305.88;3191
 91306.22;3192
 91305.20;3193
 91306.94;3194
 91306.25;3195
 91304.56;3196
 91306.98;3197
 91307.66;3198
 91307.66;3199
 91308.02;3200
 91307.00;3201
 91308.03;3202
 91309.78;3203
 91307.38;3204
 91308.41;3205
 91307.73;3206
 91307.39;3207
 91308.07;3208
 91308.44;3209
 91307.06;3210
 91307.42;3211
 91306.05;3212
 91306.05;3213
 91305.34;3214
 91304.33;3215
 91305.72;3216
 91305.05;3217
 91306.44;3218
 91305.39;3219
 91306.10;3220
 91306.46;3221
 91306.80;3222
 91305.42;3223
 91304.75;3224
 91307.17;3225
 91303.39;3226
 91305.45;3227
 91305.12;3228
 91306.16;3229
 91304.43;3230
 91305.81;3231
 91304.78;3232
 91304.08;3233
 91305.14;3234
 91306.85;3235
 91306.53;3236
 91304.10;3237
 91306.20;3238
 91307.94;3239
 91305.86;3240
 91305.53;3241
 91305.87;3242
 91305.56;3243
 91304.86;3244
 91305.56;3245
 91307.27;3246
 91306.95;3247
 91306.95;3248
 91304.52;3249
 91305.58;3250
 91306.61;3251
 91309.38;3252
 91309.02;3253
 91308.67;3254
 91308.00;3255
 91309.04;3256
 91312.83;3257
 91312.16;3258
 91312.16;3259
 91312.16;3260
 91311.12;3261
 91309.39;3262
 91309.41;3263
 91307.69;3264
 91309.78;3265
 91307.02;3266
 91308.39;3267
 91308.05;3268
 91309.80;3269
 91309.09;3270
 91310.12;3271
 91310.12;3272
 91309.45;3273
 91311.52;3274
 91309.81;3275
 91311.20;3276
 91309.81;3277
 91311.20;3278
 91308.77;3279
 91310.50;3280
 91310.52;3281
 91310.16;3282
 91310.86;3283
 91309.84;3284
 91308.11;3285
 91308.80;3286
 91309.50;3287
 91308.81;3288
 91309.50;3289
 91309.50;3290
 91310.54;3291
 91309.86;3292
 91309.52;3293
 91309.88;3294
 91308.86;3295
 91308.86;3296
 91309.54;3297
 91310.92;3298
 91310.57;3299
 91309.55;3300
 91309.91;3301
 91309.21;3302
 91307.83;3303
 91309.92;3304
 91310.60;3305
 91311.31;3306
 91310.96;3307
 91311.99;3308
 91310.29;3309
 91309.91;3310
 91308.91;3311
 91309.23;3312
 91309.23;3313
 91310.61;3314
 91310.61;3315
 91309.23;3316
 91309.91;3317
 91309.56;3318
 91310.95;3319
 91310.59;3320
 91310.59;3321
 91310.59;3322
 91310.95;3323
 91308.53;3324
 91308.53;3325
 91310.59;3326
 91311.30;3327
 91309.22;3328
 91310.61;3329
 91309.94;3330
 91312.34;3331
 91313.06;3332
 91311.33;3333
 91311.67;3334
 91311.33;3335
 91311.67;3336
 91310.30;3337
 91310.30;3338
 91311.33;3339
 91312.01;3340
 91311.69;3341
 91310.30;3342
 91310.62;3343
 91310.30;3344
 91308.92;3345
 91310.98;3346
 91312.36;3347
 91310.98;3348
 91309.25;3349
 91308.92;3350
 91309.61;3351
 91310.64;3352
 91311.00;3353
 91310.64;3354
 91312.03;3355
 91311.00;3356
 91311.34;3357
 91311.70;3358
 91310.64;3359
 91309.98;3360
 91309.62;3361
 91311.36;3362
 91310.64;3363
 91311.70;3364
 91312.73;3365
 91312.39;3366
 91313.42;3367
 91313.77;3368
 91312.73;3369
 91312.39;3370
 91312.73;3371
 91313.77;3372
 91312.39;3373
 91310.34;3374
 91312.39;3375
 91311.73;3376
 91311.38;3377
 91313.43;3378
 91311.73;3379
 91312.05;3380
 91313.78;3381
 91314.12;3382
 91316.19;3383
 91314.14;3384
 91313.44;3385
 91313.12;3386
 91312.77;3387
 91311.39;3388
 91312.41;3389
 91311.75;3390
 91311.75;3391
 91313.45;3392
 91312.41;3393
 91314.16;3394
 91312.43;3395
 91312.08;3396
 91313.14;3397
 91313.14;3398
 91312.43;3399
 91313.46;3400
 91313.81;3401
 91313.81;3402
 91313.81;3403
 91313.81;3404
 91312.78;3405
 91313.81;3406
 91313.81;3407
 91313.14;3408
 91314.84;3409
 91314.52;3410
 91313.14;3411
 91313.14;3412
 91313.14;3413
 91313.14;3414
 91314.17;3415
 91314.17;3416
 91314.52;3417
 91314.84;3418
 91314.16;3419
 91314.16;3420
 91313.81;3421
 91312.43;3422
 91311.75;3423
 91312.11;3424
 91313.50;3425
 91312.44;3426
 91315.20;3427
 91314.53;3428
 91313.83;3429
 91313.16;3430
 91312.81;3431
 91312.13;3432
 91312.13;3433
 91311.78;3434
 91311.09;3435
 91311.09;3436
 91312.14;3437
 91311.45;3438
 91312.48;3439
 91311.81;3440
 91312.16;3441
 91312.16;3442
 91311.45;3443
 91312.83;3444
 91311.09;3445
 91311.44;3446
 91310.75;3447
 91312.82;3448
 91312.14;3449
 91311.80;3450
 91311.45;3451
 91314.20;3452
 91313.53;3453
 91313.19;3454
 91312.48;3455
 91312.48;3456
 91313.20;3457
 91312.16;3458
 91311.81;3459
 91313.88;3460
 91314.23;3461
 91313.20;3462
 91313.55;3463
 91313.20;3464
 91313.20;3465
 91313.20;3466
 91313.56;3467
 91312.86;3468
 91314.23;3469
 91313.20;3470
 91313.56;3471
 91311.83;3472
 91313.56;3473
 91313.20;3474
 91315.27;3475
 91313.22;3476
 91313.89;3477
 91313.91;3478
 91312.88;3479
 91313.59;3480
 91311.52;3481
 91313.25;3482
 91313.94;3483
 91313.94;3484
 91312.56;3485
 91312.91;3486
 91311.53;3487
 91312.91;3488
 91311.88;3489
 91313.27;3490
 91313.27;3491
 91313.61;3492
 91313.61;3493
 91313.94;3494
 91312.91;3495
 91310.85;3496
 91313.27;3497
 91313.62;3498
 91313.63;3499
 91312.59;3500
 91312.94;3501
 91313.28;3502
 91313.97;3503
 91313.29;3504
 91313.65;3505
 91314.33;3506
 91314.69;3507
 91313.98;3508
 91314.34;3509
 91314.70;3510
 91315.73;3511
 91315.41;3512
 91315.06;3513
 91313.68;3514
 91313.68;3515
 91314.36;3516
 91313.33;3517
 91314.03;3518
 91315.07;3519
 91313.69;3520
 91313.69;3521
 91312.66;3522
 91314.72;3523
 91314.03;3524
 91314.36;3525
 91313.33;3526
 91315.41;3527
 91316.08;3528
 91313.32;3529
 91313.67;3530
 91313.32;3531
 91311.59;3532
 91312.30;3533
 91312.65;3534
 91312.30;3535
 91315.41;3536
 91313.68;3537
 91312.98;3538
 91312.66;3539
 91312.98;3540
 91314.36;3541
 91314.36;3542
 91313.33;3543
 91313.33;3544
 91315.06;3545
 91312.97;3546
 91315.05;3547
 91315.05;3548
 91315.05;3549
 91315.05;3550
 91313.67;3551
 91313.99;3552
 91311.58;3553
 91313.31;3554
 91312.95;3555
 91314.69;3556
 91312.96;3557
 91315.38;3558
 91316.08;3559
 91316.08;3560
 91315.41;3561
 91314.36;3562
 91316.09;3563
 91315.06;3564
 91314.03;3565
 91314.03;3566
 91314.03;3567
 91317.11;3568
 91314.70;3569
 91314.70;3570
 91314.70;3571
 91313.67;3572
 91315.05;3573
 91313.67;3574
 91314.70;3575
 91312.97;3576
 91315.73;3577
 91315.06;3578
 91314.36;3579
 91315.74;3580
 91314.03;3581
 91316.10;3582
 91317.12;3583
 91315.08;3584
 91316.46;3585
 91315.08;3586
 91316.82;3587
 91314.39;3588
 91314.73;3589
 91313.70;3590
 91312.32;3591
 91312.98;3592
 91314.38;3593
 91314.05;3594
 91311.62;3595
 91310.59;3596
 91310.94;3597
 91312.32;3598
 91313.00;3599
 91315.44;3600
 91314.73;3601
 91313.36;3602
 91315.45;3603
 91313.72;3604
 91313.72;3605
 91313.72;3606
 91313.02;3607
 91311.64;3608
 91314.08;3609
 91312.70;3610
 91311.33;3611
 91312.70;3612
 91313.73;3613
 91313.38;3614
 91314.41;3615
 91314.09;3616
 91315.12;3617
 91314.10;3618
 91314.10;3619
 91311.34;3620
 91313.41;3621
 91313.05;3622
 91312.02;3623
 91313.41;3624
 91313.75;3625
 91315.13;3626
 91314.78;3627
 91316.52;3628
 91314.79;3629
 91313.77;3630
 91313.77;3631
 91314.44;3632
 91314.44;3633
 91314.44;3634
 91313.75;3635
 91314.77;3636
 91314.77;3637
 91314.77;3638
 91315.80;3639
 91317.17;3640
 91314.77;3641
 91314.41;3642
 91313.02;3643
 91315.45;3644
 91312.70;3645
 91312.34;3646
 91314.06;3647
 91315.45;3648
 91314.06;3649
 91313.72;3650
 91315.78;3651
 91316.48;3652
 91317.16;3653
 91315.11;3654
 91315.78;3655
 91315.11;3656
 91315.09;3657
 91314.06;3658
 91315.09;3659
 91315.45;3660
 91317.50;3661
 91317.14;3662
 91316.11;3663
 91316.46;3664
 91316.11;3665
 91316.11;3666
 91314.73;3667
 91315.42;3668
 91315.07;3669
 91315.42;3670
 91316.45;3671
 91316.80;3672
 91316.44;3673
 91313.68;3674
 91314.71;3675
 91315.41;3676
 91314.71;3677
 91315.74;3678
 91314.36;3679
 91315.74;3680
 91317.12;3681
 91317.47;3682
 91315.41;3683
 91316.44;3684
 91315.74;3685
 91315.42;3686
 91315.07;3687
 91315.42;3688
 91316.46;3689
 91315.08;3690
 91314.06;3691
 91316.12;3692
 91315.45;3693
 91314.73;3694
 91316.12;3695
 91316.12;3696
 91316.83;3697
 91316.83;3698
 91316.12;3699
 91317.86;3700
 91317.86;3701
 91316.12;3702
 91317.16;3703
 91317.86;3704
 91317.86;3705
 91317.16;3706
 91316.84;3707
 91318.89;3708
 91317.51;3709
 91319.59;3710
 91318.89;3711
 91318.55;3712
 91317.52;3713
 91316.50;3714
 91317.16;3715
 91316.84;3716
 91317.52;3717
 91316.48;3718
 91317.16;3719
 91317.15;3720
 91317.50;3721
 91316.82;3722
 91317.14;3723
 91315.76;3724
 91316.82;3725
 91318.20;3726
 91317.48;3727
 91317.84;3728
 91318.86;3729
 91317.83;3730
 91317.12;3731
 91317.12;3732
 91317.48;3733
 91316.45;3734
 91317.48;3735
 91317.83;3736
 91318.50;3737
 91317.47;3738
 91315.74;3739
 91316.80;3740
 91316.45;3741
 91317.48;3742
 91318.19;3743
 91317.48;3744
 91317.84;3745
 91319.22;3746
 91318.19;3747
 91318.88;3748
 91318.52;3749
 91319.23;3750
 91318.20;3751
 91318.52;3752
 91317.14;3753
 91317.14;3754
 91320.60;3755
 91319.89;3756
 91318.52;3757
 91317.84;3758
 91316.46;3759
 91319.56;3760
 91317.84;3761
 91317.14;3762
 91317.48;3763
 91318.20;3764
 91318.88;3765
 91319.59;3766
 91319.59;3767
 91318.20;3768
 91318.20;3769
 91319.23;3770
 91318.53;3771
 91318.22;3772
 91316.48;3773
 91317.52;3774
 91317.52;3775
 91316.14;3776
 91318.23;3777
 91318.55;3778
 91317.88;3779
 91317.53;3780
 91318.23;3781
 91317.88;3782
 91317.88;3783
 91318.56;3784
 91318.24;3785
 91319.27;3786
 91315.81;3787
 91315.81;3788
 91316.16;3789
 91317.55;3790
 91317.89;3791
 91317.55;3792
 91317.55;3793
 91318.92;3794
 91318.92;3795
 91318.25;3796
 91318.27;3797
 91317.91;3798
 91316.88;3799
 91318.27;3800
 91318.27;3801
 91318.27;3802
 91318.27;3803
 91318.27;3804
 91319.29;3805
 91318.27;3806
 91318.27;3807
 91317.91;3808
 91316.53;3809
 91317.56;3810
 91318.59;3811
 91317.22;3812
 91317.92;3813
 91317.23;3814
 91316.20;3815
 91317.58;3816
 91317.58;3817
 91317.23;3818
 91317.23;3819
 91317.58;3820
 91318.28;3821
 91317.94;3822
 91321.73;3823
 91317.94;3824
 91316.91;3825
 91318.28;3826
 91317.23;3827
 91315.17;3828
 91316.20;3829
 91318.62;3830
 91318.62;3831
 91318.62;3832
 91317.23;3833
 91318.30;3834
 91317.95;3835
 91317.23;3836
 91315.52;3837
 91315.85;3838
 91314.47;3839
 91315.52;3840
 91315.84;3841
 91315.17;3842
 91316.20;3843
 91316.55;3844
 91317.57;3845
 91318.27;3846
 91318.59;3847
 91319.64;3848
 91319.28;3849
 91316.88;3850
 91315.49;3851
 91316.88;3852
 91316.52;3853
 91317.19;3854
 91317.17;3855
 91316.50;3856
 91316.84;3857
 91317.88;3858
 91316.84;3859
 91315.11;3860
 91316.50;3861
 91315.80;3862
 91317.88;3863
 91317.53;3864
 91318.56;3865
 91318.92;3866
 91317.55;3867
 91315.81;3868
 91316.52;3869
 91315.13;3870
 91315.80;3871
 91318.56;3872
 91317.19;3873
 91316.86;3874
 91318.24;3875
 91319.27;3876
 91320.64;3877
 91316.16;3878
 91316.16;3879
 91316.50;3880
 91316.86;3881
 91315.80;3882
 91316.84;3883
 91318.22;3884
 91318.89;3885
 91318.53;3886
 91318.20;3887
 91317.84;3888
